0.125 1.285818052e-06 5.40145428e-05 0.0 2.7825732e-07 2.4565926e-05 0.0 
0.375 2.702199684e-06 0.0001013253316 0.0 2.954850948e-07 2.07027056e-05 0.0 
0.625 3.605214428e-06 0.000161018048 0.0 2.645861016e-07 1.92740712e-05 0.0 
0.875 4.503745832e-06 0.000251136452 0.0 2.330171412e-07 1.9786414e-05 0.0 
1.125 4.189763528e-06 0.00036589318 0.0 2.08705664e-07 2.06224744e-05 0.0 
1.375 4.616862932e-06 0.000452923892 0.0 1.810343804e-07 2.0540038e-05 0.0 
1.625 3.981023064e-06 0.000525471072 0.0 2.0810231324e-07 2.02617316e-05 0.0 
1.875 3.676394832e-06 0.000564033828 0.0 1.953335274e-07 1.82180384e-05 0.0 
2.125 3.251146776e-06 0.000564980924 0.0 2.0504615608e-07 1.554338544e-05 0.0 
2.375 2.937538112e-06 0.00056795994 0.0 2.3379468724e-07 1.410217536e-05 0.0 
2.625 2.5610494104e-06 0.000529320856 0.0 1.6959804548e-07 1.230087584e-05 0.0 
2.875 2.3434372832e-06 0.00045427718 0.0 1.8423705576e-07 1.055639836e-05 0.0 
3.125 2.0857618216e-06 0.000362707636 0.0 1.9329919876e-07 9.49688788e-06 0.0 
3.375 1.7830235584e-06 0.000275051612 0.0 1.752400872e-07 7.85505816e-06 0.0 
3.625 1.3552357892e-06 0.000201260212 0.0 1.6341845752e-07 7.065316356e-06 0.0 
3.875 1.3748428516e-06 0.0001415804432 0.0 1.5024518136e-07 6.26310176e-06 0.0 
4.125 1.0400214188e-06 8.95001112e-05 0.0 1.604404144e-07 5.910741564e-06 0.0 
4.375 1.0346067064e-06 5.3777174e-05 0.0 1.710012344e-07 5.4417496796e-06 0.0 
4.625 8.63007826e-07 3.12833584e-05 0.0 1.664516376e-07 4.770227972e-06 0.0 
4.875 8.766609844e-07 1.94423328e-05 0.0 1.483073132e-07 4.3417518128e-06 0.0 
5.125 6.640541244e-07 1.468474704e-05 0.0 1.5756064192e-07 3.704046736e-06 0.0 
5.375 6.4894709e-07 1.115431208e-05 0.0 1.485510676e-07 4.056319196e-06 0.0 
5.625 7.179487824e-07 8.616577e-06 0.0 1.499715004e-07 2.8505058976e-06 0.0 
5.875 6.05291188e-07 6.671252284e-06 0.0 1.619214944e-07 2.9559375924e-06 0.0 
6.125 4.329705484e-07 5.36763024e-06 0.0 1.282530284e-07 2.7966501168e-06 0.0 
6.375 5.72058342e-07 5.35462144e-06 0.0 1.629386024e-07 2.300377404e-06 0.0 
6.625 4.767585808e-07 4.5892448e-06 0.0 1.21536768e-07 2.1782422468e-06 0.0 
6.875 3.586019564e-07 4.27829168e-06 0.0 1.28561296e-07 1.9908479352e-06 0.0 
7.125 3.274700768e-07 4.31272248e-06 0.0 1.046972688e-07 1.6422930056e-06 0.0 
7.375 3.103390768e-07 3.89103858e-06 0.0 1.3670089e-07 1.646616888e-06 0.0 
7.625 2.514131796e-07 3.69195836e-06 0.0 1.091298796e-07 1.5119116132e-06 0.0 
7.875 2.805353172e-07 3.664284e-06 0.0 1.184091096e-07 1.178400878e-06 0.0 
8.125 2.576000188e-07 3.57589972e-06 0.0 1.144602536e-07 1.236699528e-06 0.0 
8.375 2.33668442e-07 3.30840324e-06 0.0 1.002211532e-07 1.0492658528e-06 0.0 
8.625 2.401625668e-07 3.50109672e-06 0.0 9.06647748e-08 1.079487652e-06 0.0 
8.875 2.123838268e-07 3.313188732e-06 0.0 9.92222964e-08 8.535420376e-07 0.0 
9.125 1.867924464e-07 3.264816992e-06 0.0 9.46498572e-08 8.446989856e-07 0.0 
9.375 1.67115628e-07 3.19526984e-06 0.0 9.9734474e-08 9.523666992e-07 0.0 
9.625 1.786412888e-07 3.19263876e-06 0.0 7.6328994e-08 7.267462552e-07 0.0 
9.875 1.611413668e-07 2.8649931e-06 0.0 7.13846256e-08 7.450337588e-07 0.0 
10.125 1.380936432e-07 2.87777272e-06 0.0 7.20714888e-08 7.3164801e-07 0.0 
10.375 1.468360008e-07 3.038190748e-06 0.0 5.797119e-08 8.40386602e-07 0.0 
10.625 1.362203228e-07 2.84024072e-06 0.0 5.79750988e-08 8.517920516e-07 0.0 
10.875 1.039818956e-07 2.8299294e-06 0.0 5.51221136e-08 5.779212664e-07 0.0 
11.125 1.140909556e-07 2.81893774e-06 0.0 7.08986608e-08 7.139376552e-07 0.0 
11.375 9.17667588e-08 2.944597368e-06 0.0 5.89415944e-08 4.925561768e-07 0.0 
11.625 9.12139076e-08 2.62963692e-06 0.0 6.05647464e-08 5.536039848e-07 0.0 
11.875 9.398448e-08 2.533428184e-06 0.0 5.02983852e-08 5.919679548e-07 0.0 
12.125 8.71937124e-08 2.349091524e-06 0.0 5.18637544e-08 4.497190224e-07 0.0 
12.375 1.025317208e-07 2.326508012e-06 0.0 6.27873844e-08 5.73205092e-07 0.0 
12.625 7.16703748e-08 2.197095732e-06 0.0 3.43001912e-08 5.057707444e-07 0.0 
12.875 5.46956528e-08 2.281123852e-06 0.0 3.51262724e-08 4.170187124e-07 0.0 
13.125 6.38551744e-08 1.92391434e-06 0.0 5.0803998e-08 5.360792244e-07 0.0 
13.375 6.35782908e-08 1.83510936e-06 0.0 3.6511178e-08 4.715081928e-07 0.0 
13.625 6.88847468e-08 1.802224432e-06 0.0 3.75047368e-08 3.652907828e-07 0.0 
13.875 5.3175644e-08 1.678518676e-06 0.0 2.55829844e-08 4.300368392e-07 0.0 
14.125 4.74958136e-08 1.679727724e-06 0.0 2.7299436e-08 3.48724964e-07 0.0 
14.375 4.15823664e-08 1.4750511e-06 0.0 2.81574452e-08 3.605537732e-07 0.0 
14.625 3.9159424e-08 1.294366148e-06 0.0 3.06024644e-08 3.637259664e-07 0.0 
14.875 4.2131396e-08 1.168651192e-06 0.0 2.84636e-08 3.336265056e-07 0.0 
15.125 2.85794e-08 1.2618028136e-06 0.0 2.37605712e-08 4.169691268e-07 0.0 
15.375 3.3968852e-08 9.65370752e-07 0.0 3.2577444e-08 4.175220548e-07 0.0 
15.625 3.4251252e-08 9.673309832e-07 0.0 1.76789904e-08 2.661777904e-07 0.0 
15.875 3.2459548e-08 9.791598596e-07 0.0 2.0543072e-08 4.431120912e-07 0.0 
16.125 2.89864228e-08 8.824504404e-07 0.0 2.557314e-08 2.698926228e-07 0.0 
16.375 2.7226692e-08 7.612198812e-07 0.0 1.4405412e-08 2.916825336e-07 0.0 
16.625 2.5857e-08 7.709712552e-07 0.0 1.6667172e-08 2.297889488e-07 0.0 
16.875 3.3028784e-08 7.479379036e-07 0.0 2.441378e-08 2.816194732e-07 0.0 
17.125 2.6907872e-08 7.281645528e-07 0.0 1.7303328e-08 2.119850028e-07 0.0 
17.375 2.3146432e-08 6.145024192e-07 0.0 1.0679952e-08 2.571995468e-07 0.0 
17.625 1.36038e-08 5.727849132e-07 0.0 9.651964e-09 1.653434552e-07 0.0 
17.875 2.3011508e-08 6.116113276e-07 0.0 2.4027768e-08 2.069377816e-07 0.0 
18.125 2.2531864e-08 5.935359868e-07 0.0 2.5315996e-08 3.072414548e-07 0.0 
18.375 1.891548e-08 5.072628044e-07 0.0 2.4723092e-08 2.049750508e-07 0.0 
18.625 2.2943308e-08 4.7796942e-07 0.0 1.90704e-08 1.760047624e-07 0.0 
18.875 1.8130628e-08 4.55449634e-07 0.0 2.2937384e-08 1.5842964e-07 0.0 
19.125 1.2490796e-08 4.760984512e-07 0.0 5.670104e-09 1.77961216e-07 0.0 
19.375 1.6201904e-08 4.52737348e-07 0.0 6.702424e-09 1.64207724e-07 0.0 
19.625 2.836884e-08 4.2270636e-07 0.0 3.129432e-09 1.39252008e-07 0.0 
19.875 1.3014232e-08 4.00471696e-07 0.0 1.8710116e-08 1.6138834e-07 0.0 
20.125 1.0348812e-08 4.79471944e-07 0.0 6.263508e-09 1.02588772e-07 0.0 
20.375 7.098868e-09 3.8373056e-07 0.0 2.317696e-09 1.06300936e-07 0.0 
20.625 9.63348e-09 4.58264016e-07 0.0 1.652128e-09 1.02464584e-07 0.0 
20.875 1.9307916e-08 3.74620324e-07 0.0 2.876668e-09 1.1854184e-07 0.0 
21.125 1.3182808e-08 3.2817656e-07 0.0 3.357728e-09 1.04523016e-07 0.0 
21.375 5.771252e-09 3.34738552e-07 0.0 0.0 1.17970912e-07 0.0 
21.625 2.733424e-09 2.81363592e-07 0.0 6.116856e-09 1.07852224e-07 0.0 
21.875 7.805716e-09 3.17198232e-07 0.0 1.69552e-09 1.47624864e-07 0.0 
22.125 1.0205832e-08 2.88736572e-07 0.0 1.3448468e-08 1.06856236e-07 0.0 
22.375 7.216872e-09 2.44593036e-07 0.0 2.802232e-09 8.7901288e-08 0.0 
22.625 5.776564e-09 2.75926016e-07 0.0 1.312452e-09 8.5329956e-08 0.0 
22.875 1.2305008e-08 2.50580852e-07 0.0 6.748464e-09 8.5249348e-08 0.0 
23.125 0.0 2.62855476e-07 0.0 5.94632e-09 7.7770952e-08 0.0 
23.375 1.0234828e-08 2.24521164e-07 0.0 1.943412e-09 2.84583308e-07 0.0 
23.625 6.323924e-09 2.29711228e-07 0.0 6.908644e-09 8.924768e-08 0.0 
23.875 8.138648e-09 2.22809144e-07 0.0 2.335876e-09 6.7152572e-08 0.0 
24.125 2.0343376e-08 1.9411298e-07 0.0 5.578016e-09 7.6690516e-08 0.0 
24.375 4.931056e-09 1.92419372e-07 0.0 2.662656e-09 7.2096308e-08 0.0 
24.625 1.1146236e-08 1.8925164e-07 0.0 1.49956e-09 1.16713472e-07 0.0 
24.875 4.733016e-09 1.80365212e-07 0.0 0.0 5.38754e-08 0.0 
25.125 0.0 1.75426692e-07 0.0 1.83714e-09 7.1343284e-08 0.0 
25.375 2.340468e-09 1.78606524e-07 0.0 0.0 5.3275872e-08 0.0 
25.625 9.19144e-09 1.81162716e-07 0.0 3.203832e-09 6.2388724e-08 0.0 
25.875 1.123548e-09 1.36721976e-07 0.0 1.11822e-09 5.5990608e-08 0.0 
26.125 3.470272e-09 1.3494972e-07 0.0 1.436492e-09 5.2075964e-08 0.0 
26.375 0.0 1.56608508e-07 0.0 1.875016e-09 6.6644292e-08 0.0 
26.625 1.0349548e-08 1.15793756e-07 0.0 0.0 5.2293984e-08 0.0 
26.875 2.61772e-09 1.08663664e-07 0.0 3.12642e-09 4.6390752e-08 0.0 
27.125 5.128368e-09 1.33155156e-07 0.0 0.0 5.2407364e-08 0.0 
27.375 0.0 1.29305312e-07 0.0 0.0 5.20777e-08 0.0 
27.625 4.00456e-09 1.09865984e-07 0.0 1.944484e-09 1.1845858e-07 0.0 
27.875 0.0 1.07855496e-07 0.0 2.104328e-09 4.1717424e-08 0.0 
28.125 5.530184e-09 1.20901092e-07 0.0 0.0 3.2773016e-08 0.0 
28.375 1.41554e-09 1.12432524e-07 0.0 0.0 4.4112004e-08 0.0 
28.625 0.0 1.01655292e-07 0.0 0.0 4.1262052e-08 0.0 
28.875 0.0 7.6049436e-08 0.0 0.0 3.2426012e-08 0.0 
29.125 1.077952e-09 1.03426552e-07 0.0 0.0 5.2085312e-08 0.0 
29.375 3.193192e-09 7.4592512e-08 0.0 0.0 3.0773072e-08 0.0 
29.625 0.0 7.4264916e-08 0.0 0.0 2.5556944e-08 0.0 
29.875 0.0 6.35087e-08 0.0 0.0 2.75389e-08 0.0 
30.125 0.0 6.4487512e-08 0.0 1.235536e-09 3.2491284e-08 0.0 
30.375 0.0 8.7415012e-08 0.0 0.0 4.6647204e-08 0.0 
30.625 1.2369884e-08 8.954398e-08 0.0 0.0 2.1901904e-08 0.0 
30.875 0.0 6.7722556e-08 0.0 0.0 3.265398e-08 0.0 
31.125 2.325904e-09 7.6764496e-08 0.0 0.0 4.5600104e-08 0.0 
31.375 0.0 7.2493704e-08 0.0 0.0 2.5454088e-08 0.0 
31.625 0.0 6.3188996e-08 0.0 7.312208e-09 3.8936352e-08 0.0 
31.875 0.0 7.3318776e-08 0.0 1.970024e-09 9.644652e-09 0.0 
32.125 0.0 7.0677896e-08 0.0 0.0 1.9736652e-08 0.0 
32.375 0.0 5.4262504e-08 0.0 0.0 3.3438836e-08 0.0 
32.625 0.0 5.527844e-08 0.0 0.0 1.9616908e-08 0.0 
32.875 0.0 4.0159716e-08 0.0 0.0 1.9865176e-08 0.0 
33.125 0.0 5.9549736e-08 0.0 0.0 3.4186372e-08 0.0 
33.375 0.0 3.3624548e-08 0.0 0.0 3.236142e-08 0.0 
33.625 0.0 3.9068084e-08 0.0 0.0 2.3290596e-08 0.0 
33.875 0.0 4.4036244e-08 0.0 0.0 1.0406484e-08 0.0 
34.125 2.928176e-09 3.309908e-08 0.0 0.0 1.0267772e-08 0.0 
34.375 0.0 4.8241096e-08 0.0 0.0 1.7533364e-08 0.0 
34.625 0.0 3.4329416e-08 0.0 0.0 1.5475296e-08 0.0 
34.875 0.0 4.6247076e-08 0.0 5.51716e-09 1.3869048e-08 0.0 
35.125 0.0 3.80336e-08 0.0 3.500492e-09 1.152212e-08 0.0 
35.375 4.16264e-09 5.1227088e-08 0.0 0.0 1.8836364e-08 0.0 
35.625 0.0 3.3169272e-08 0.0 0.0 1.4445284e-08 0.0 
35.875 0.0 3.5541496e-08 0.0 0.0 1.3121136e-08 0.0 
36.125 0.0 3.1426396e-08 0.0 0.0 1.0520712e-08 0.0 
36.375 0.0 2.8512044e-08 0.0 0.0 1.4352156e-08 0.0 
36.625 0.0 2.2687552e-08 0.0 0.0 9.431152e-09 0.0 
36.875 0.0 2.9236312e-08 0.0 0.0 1.7682584e-08 0.0 
37.125 0.0 2.975588e-08 0.0 0.0 8.312844e-09 0.0 
37.375 0.0 3.7586152e-08 0.0 0.0 1.6939728e-08 0.0 
37.625 0.0 1.9121136e-08 0.0 0.0 4.2116e-09 0.0 
37.875 0.0 3.6278328e-08 0.0 0.0 1.3267984e-08 0.0 
38.125 0.0 2.673414e-08 0.0 0.0 8.472872e-09 0.0 
38.375 0.0 2.999864e-08 0.0 0.0 1.2943672e-08 0.0 
38.625 0.0 2.1091056e-08 0.0 0.0 1.5171272e-08 0.0 
38.875 0.0 1.7499732e-08 0.0 0.0 9.248316e-09 0.0 
39.125 0.0 1.7148552e-08 0.0 0.0 8.607892e-09 0.0 
39.375 0.0 1.6071536e-08 0.0 0.0 5.818308e-09 0.0 
39.625 0.0 1.334608e-08 0.0 0.0 3.963488e-09 0.0 
39.875 0.0 2.0062764e-08 0.0 0.0 0.0 0.0 
40.125 0.0 2.1923808e-08 0.0 0.0 1.4355484e-08 0.0 
40.375 0.0 1.89965e-08 0.0 0.0 7.141976e-09 0.0 
40.625 0.0 1.5404884e-08 0.0 0.0 5.064916e-09 0.0 
40.875 0.0 2.5273736e-08 0.0 0.0 7.430224e-09 0.0 
41.125 0.0 1.3880936e-08 0.0 0.0 0.0 0.0 
41.375 0.0 9.35504e-09 0.0 0.0 6.175032e-09 0.0 
41.625 0.0 4.884908e-09 0.0 0.0 1.0490352e-08 0.0 
41.875 0.0 7.450404e-09 0.0 0.0 6.164908e-09 0.0 
42.125 0.0 1.0608284e-08 0.0 0.0 2.745012e-09 0.0 
42.375 0.0 9.238656e-09 0.0 0.0 6.78112e-09 0.0 
42.625 0.0 1.0674208e-08 0.0 0.0 0.0 0.0 
42.875 0.0 1.6816292e-08 0.0 0.0 5.48592e-09 0.0 
43.125 0.0 0.0 0.0 0.0 4.1882e-09 0.0 
43.375 0.0 1.6674588e-08 0.0 0.0 6.545808e-09 0.0 
43.625 0.0 2.19772e-09 0.0 0.0 4.19504e-09 0.0 
43.875 0.0 2.463132e-09 0.0 0.0 0.0 0.0 
44.125 0.0 5.753028e-09 0.0 0.0 2.14208e-09 0.0 
44.375 0.0 9.131588e-09 0.0 0.0 8.195484e-09 0.0 
44.625 0.0 0.0 0.0 0.0 2.33718e-09 0.0 
44.875 0.0 0.0 0.0 0.0 0.0 0.0 
45.125 0.0 1.61347e-08 0.0 0.0 6.457096e-09 0.0 
45.375 0.0 1.383832e-08 0.0 0.0 4.10016e-09 0.0 
45.625 0.0 5.748044e-09 0.0 0.0 5.75448e-09 0.0 
45.875 0.0 4.57668e-09 0.0 0.0 8.12064e-09 0.0 
46.125 6.02152e-09 0.0 0.0 0.0 0.0 0.0 
46.375 0.0 0.0 0.0 0.0 0.0 0.0 
46.625 0.0 0.0 0.0 0.0 0.0 0.0 
46.875 0.0 2.782696e-09 0.0 0.0 0.0 0.0 
47.125 0.0 0.0 0.0 0.0 4.79372e-09 0.0 
47.375 0.0 0.0 0.0 0.0 3.143948e-09 0.0 
47.625 0.0 3.862004e-09 0.0 0.0 2.578636e-09 0.0 
47.875 0.0 4.27956e-09 0.0 0.0 0.0 0.0 
48.125 0.0 0.0 0.0 0.0 0.0 0.0 
48.375 0.0 0.0 0.0 0.0 0.0 0.0 
48.625 0.0 0.0 0.0 0.0 0.0 0.0 
48.875 0.0 0.0 0.0 0.0 0.0 0.0 
49.125 0.0 0.0 0.0 0.0 2.93136e-09 0.0 
49.375 0.0 0.0 0.0 0.0 4.2316e-09 0.0 
49.625 0.0 8.46928e-09 0.0 0.0 0.0 0.0 
49.875 0.0 6.408916e-09 0.0 0.0 0.0 0.0 
50.125 0.0 0.0 0.0 0.0 0.0 0.0 
50.375 0.0 2.84494e-09 0.0 0.0 0.0 0.0 
50.625 0.0 0.0 0.0 0.0 0.0 0.0 
50.875 0.0 2.892928e-09 0.0 0.0 0.0 0.0 
51.125 0.0 0.0 0.0 0.0 3.947992e-09 0.0 
51.375 0.0 0.0 0.0 0.0 0.0 0.0 
51.625 0.0 0.0 0.0 0.0 0.0 0.0 
51.875 0.0 0.0 0.0 0.0 0.0 0.0 
52.125 0.0 0.0 0.0 0.0 0.0 0.0 
52.375 0.0 0.0 0.0 0.0 0.0 0.0 
52.625 0.0 1.104784e-08 0.0 0.0 0.0 0.0 
52.875 0.0 0.0 0.0 0.0 0.0 0.0 
53.125 0.0 3.283464e-09 0.0 0.0 0.0 0.0 
53.375 0.0 0.0 0.0 0.0 0.0 0.0 
53.625 0.0 0.0 0.0 0.0 0.0 0.0 
53.875 0.0 8.585776e-09 0.0 0.0 0.0 0.0 
54.125 0.0 0.0 0.0 0.0 0.0 0.0 
54.375 0.0 0.0 0.0 0.0 0.0 0.0 
54.625 0.0 0.0 0.0 0.0 0.0 0.0 
54.875 0.0 0.0 0.0 0.0 0.0 0.0 
55.125 0.0 0.0 0.0 0.0 4.78432e-09 0.0 
55.375 0.0 0.0 0.0 0.0 0.0 0.0 
55.625 0.0 0.0 0.0 0.0 0.0 0.0 
55.875 0.0 0.0 0.0 0.0 0.0 0.0 
56.125 0.0 0.0 0.0 0.0 0.0 0.0 
56.375 0.0 0.0 0.0 0.0 0.0 0.0 
56.625 0.0 0.0 0.0 0.0 0.0 0.0 
56.875 0.0 0.0 0.0 0.0 0.0 0.0 
57.125 0.0 0.0 0.0 0.0 0.0 0.0 
57.375 0.0 0.0 0.0 0.0 0.0 0.0 
57.625 0.0 0.0 0.0 0.0 0.0 0.0 
57.875 0.0 0.0 0.0 0.0 0.0 0.0 
58.125 0.0 0.0 0.0 0.0 0.0 0.0 
58.375 0.0 0.0 0.0 0.0 0.0 0.0 
58.625 0.0 0.0 0.0 0.0 0.0 0.0 
58.875 0.0 0.0 0.0 0.0 0.0 0.0 
59.125 0.0 4.17764e-09 0.0 0.0 0.0 0.0 
59.375 0.0 0.0 0.0 0.0 0.0 0.0 
59.625 0.0 0.0 0.0 0.0 0.0 0.0 
59.875 0.0 0.0 0.0 0.0 0.0 0.0 
60.125 0.0 0.0 0.0 0.0 0.0 0.0 
60.375 0.0 0.0 0.0 0.0 0.0 0.0 
60.625 0.0 0.0 0.0 0.0 0.0 0.0 
60.875 0.0 0.0 0.0 0.0 0.0 0.0 
61.125 0.0 0.0 0.0 0.0 0.0 0.0 
61.375 0.0 0.0 0.0 0.0 0.0 0.0 
61.625 0.0 0.0 0.0 0.0 0.0 0.0 
61.875 0.0 0.0 0.0 0.0 0.0 0.0 
62.125 0.0 0.0 0.0 0.0 0.0 0.0 
62.375 0.0 0.0 0.0 0.0 0.0 0.0 
62.625 0.0 0.0 0.0 0.0 0.0 0.0 
62.875 0.0 0.0 0.0 0.0 0.0 0.0 
63.125 0.0 0.0 0.0 0.0 0.0 0.0 
63.375 0.0 0.0 0.0 0.0 0.0 0.0 
63.625 0.0 0.0 0.0 0.0 0.0 0.0 
63.875 0.0 0.0 0.0 0.0 0.0 0.0 
64.125 0.0 0.0 0.0 0.0 0.0 0.0 
64.375 0.0 0.0 0.0 0.0 0.0 0.0 
64.625 0.0 0.0 0.0 0.0 0.0 0.0 
64.875 0.0 0.0 0.0 0.0 0.0 0.0 
65.125 0.0 0.0 0.0 0.0 0.0 0.0 
65.375 0.0 0.0 0.0 0.0 0.0 0.0 
65.625 0.0 0.0 0.0 0.0 0.0 0.0 
65.875 0.0 0.0 0.0 0.0 0.0 0.0 
66.125 0.0 0.0 0.0 0.0 0.0 0.0 
66.375 0.0 0.0 0.0 0.0 0.0 0.0 
66.625 0.0 0.0 0.0 0.0 0.0 0.0 
66.875 0.0 0.0 0.0 0.0 0.0 0.0 
67.125 0.0 0.0 0.0 0.0 0.0 0.0 
67.375 0.0 0.0 0.0 0.0 0.0 0.0 
67.625 0.0 0.0 0.0 0.0 0.0 0.0 
67.875 0.0 0.0 0.0 0.0 0.0 0.0 
68.125 0.0 0.0 0.0 0.0 0.0 0.0 
68.375 0.0 0.0 0.0 0.0 0.0 0.0 
68.625 0.0 0.0 0.0 0.0 0.0 0.0 
68.875 0.0 0.0 0.0 0.0 0.0 0.0 
69.125 0.0 0.0 0.0 0.0 0.0 0.0 
69.375 0.0 0.0 0.0 0.0 0.0 0.0 
69.625 0.0 0.0 0.0 0.0 0.0 0.0 
69.875 0.0 0.0 0.0 0.0 0.0 0.0 
70.125 0.0 0.0 0.0 0.0 0.0 0.0 
70.375 0.0 0.0 0.0 0.0 0.0 0.0 
70.625 0.0 0.0 0.0 0.0 0.0 0.0 
70.875 0.0 0.0 0.0 0.0 0.0 0.0 
71.125 0.0 0.0 0.0 0.0 0.0 0.0 
71.375 0.0 0.0 0.0 0.0 0.0 0.0 
71.625 0.0 0.0 0.0 0.0 0.0 0.0 
71.875 0.0 0.0 0.0 0.0 0.0 0.0 
72.125 0.0 0.0 0.0 0.0 0.0 0.0 
72.375 0.0 0.0 0.0 0.0 0.0 0.0 
72.625 0.0 0.0 0.0 0.0 0.0 0.0 
72.875 0.0 0.0 0.0 0.0 0.0 0.0 
73.125 0.0 0.0 0.0 0.0 0.0 0.0 
73.375 0.0 0.0 0.0 0.0 0.0 0.0 
73.625 0.0 0.0 0.0 0.0 0.0 0.0 
73.875 0.0 0.0 0.0 0.0 0.0 0.0 
74.125 0.0 0.0 0.0 0.0 0.0 0.0 
74.375 0.0 0.0 0.0 0.0 0.0 0.0 
74.625 0.0 0.0 0.0 0.0 0.0 0.0 
74.875 0.0 0.0 0.0 0.0 0.0 0.0 
75.125 0.0 0.0 0.0 0.0 0.0 0.0 
75.375 0.0 0.0 0.0 0.0 0.0 0.0 
75.625 0.0 0.0 0.0 0.0 0.0 0.0 
75.875 0.0 0.0 0.0 0.0 0.0 0.0 
76.125 0.0 0.0 0.0 0.0 0.0 0.0 
76.375 0.0 0.0 0.0 0.0 0.0 0.0 
76.625 0.0 0.0 0.0 0.0 0.0 0.0 
76.875 0.0 0.0 0.0 0.0 0.0 0.0 
77.125 0.0 0.0 0.0 0.0 0.0 0.0 
77.375 0.0 0.0 0.0 0.0 0.0 0.0 
77.625 0.0 0.0 0.0 0.0 0.0 0.0 
77.875 0.0 0.0 0.0 0.0 0.0 0.0 
78.125 0.0 0.0 0.0 0.0 0.0 0.0 
78.375 0.0 0.0 0.0 0.0 0.0 0.0 
78.625 0.0 0.0 0.0 0.0 0.0 0.0 
78.875 0.0 0.0 0.0 0.0 0.0 0.0 
79.125 0.0 0.0 0.0 0.0 0.0 0.0 
79.375 0.0 0.0 0.0 0.0 0.0 0.0 
79.625 0.0 0.0 0.0 0.0 0.0 0.0 
79.875 0.0 0.0 0.0 0.0 0.0 0.0 
80.125 0.0 0.0 0.0 0.0 0.0 0.0 
80.375 0.0 0.0 0.0 0.0 0.0 0.0 
80.625 0.0 0.0 0.0 0.0 0.0 0.0 
80.875 0.0 0.0 0.0 0.0 0.0 0.0 
81.125 0.0 0.0 0.0 0.0 0.0 0.0 
81.375 0.0 0.0 0.0 0.0 0.0 0.0 
81.625 0.0 0.0 0.0 0.0 0.0 0.0 
81.875 0.0 0.0 0.0 0.0 0.0 0.0 
82.125 0.0 0.0 0.0 0.0 0.0 0.0 
82.375 0.0 0.0 0.0 0.0 0.0 0.0 
82.625 0.0 0.0 0.0 0.0 0.0 0.0 
82.875 0.0 0.0 0.0 0.0 0.0 0.0 
83.125 0.0 0.0 0.0 0.0 0.0 0.0 
83.375 0.0 0.0 0.0 0.0 0.0 0.0 
83.625 0.0 0.0 0.0 0.0 0.0 0.0 
83.875 0.0 0.0 0.0 0.0 0.0 0.0 
84.125 0.0 0.0 0.0 0.0 0.0 0.0 
84.375 0.0 0.0 0.0 0.0 0.0 0.0 
84.625 0.0 0.0 0.0 0.0 0.0 0.0 
84.875 0.0 0.0 0.0 0.0 0.0 0.0 
85.125 0.0 0.0 0.0 0.0 0.0 0.0 
85.375 0.0 0.0 0.0 0.0 0.0 0.0 
85.625 0.0 0.0 0.0 0.0 0.0 0.0 
85.875 0.0 0.0 0.0 0.0 0.0 0.0 
86.125 0.0 0.0 0.0 0.0 0.0 0.0 
86.375 0.0 0.0 0.0 0.0 0.0 0.0 
86.625 0.0 0.0 0.0 0.0 0.0 0.0 
86.875 0.0 0.0 0.0 0.0 0.0 0.0 
87.125 0.0 0.0 0.0 0.0 0.0 0.0 
87.375 0.0 0.0 0.0 0.0 0.0 0.0 
87.625 0.0 0.0 0.0 0.0 0.0 0.0 
87.875 0.0 0.0 0.0 0.0 0.0 0.0 
88.125 0.0 0.0 0.0 0.0 0.0 0.0 
88.375 0.0 0.0 0.0 0.0 0.0 0.0 
88.625 0.0 0.0 0.0 0.0 0.0 0.0 
88.875 0.0 0.0 0.0 0.0 0.0 0.0 
89.125 0.0 0.0 0.0 0.0 0.0 0.0 
89.375 0.0 0.0 0.0 0.0 0.0 0.0 
89.625 0.0 0.0 0.0 0.0 0.0 0.0 
89.875 0.0 0.0 0.0 0.0 0.0 0.0 
90.125 0.0 0.0 0.0 0.0 0.0 0.0 
90.375 0.0 0.0 0.0 0.0 0.0 0.0 
90.625 0.0 0.0 0.0 0.0 0.0 0.0 
90.875 0.0 0.0 0.0 0.0 0.0 0.0 
91.125 0.0 0.0 0.0 0.0 0.0 0.0 
91.375 0.0 0.0 0.0 0.0 0.0 0.0 
91.625 0.0 0.0 0.0 0.0 0.0 0.0 
91.875 0.0 0.0 0.0 0.0 0.0 0.0 
92.125 0.0 0.0 0.0 0.0 0.0 0.0 
92.375 0.0 0.0 0.0 0.0 0.0 0.0 
92.625 0.0 0.0 0.0 0.0 0.0 0.0 
92.875 0.0 0.0 0.0 0.0 0.0 0.0 
93.125 0.0 0.0 0.0 0.0 0.0 0.0 
93.375 0.0 0.0 0.0 0.0 0.0 0.0 
93.625 0.0 0.0 0.0 0.0 0.0 0.0 
93.875 0.0 0.0 0.0 0.0 0.0 0.0 
94.125 0.0 0.0 0.0 0.0 0.0 0.0 
94.375 0.0 0.0 0.0 0.0 0.0 0.0 
94.625 0.0 0.0 0.0 0.0 0.0 0.0 
94.875 0.0 0.0 0.0 0.0 0.0 0.0 
95.125 0.0 0.0 0.0 0.0 0.0 0.0 
95.375 0.0 0.0 0.0 0.0 0.0 0.0 
95.625 0.0 0.0 0.0 0.0 0.0 0.0 
95.875 0.0 0.0 0.0 0.0 0.0 0.0 
96.125 0.0 0.0 0.0 0.0 0.0 0.0 
96.375 0.0 0.0 0.0 0.0 0.0 0.0 
96.625 0.0 0.0 0.0 0.0 0.0 0.0 
96.875 0.0 0.0 0.0 0.0 0.0 0.0 
97.125 0.0 0.0 0.0 0.0 0.0 0.0 
97.375 0.0 0.0 0.0 0.0 0.0 0.0 
97.625 0.0 0.0 0.0 0.0 0.0 0.0 
97.875 0.0 0.0 0.0 0.0 0.0 0.0 
98.125 0.0 0.0 0.0 0.0 0.0 0.0 
98.375 0.0 0.0 0.0 0.0 0.0 0.0 
98.625 0.0 0.0 0.0 0.0 0.0 0.0 
98.875 0.0 0.0 0.0 0.0 0.0 0.0 
99.125 0.0 0.0 0.0 0.0 0.0 0.0 
99.375 0.0 0.0 0.0 0.0 0.0 0.0 
99.625 0.0 0.0 0.0 0.0 0.0 0.0 
99.875 0.0 0.0 0.0 0.0 0.0 0.0 
100.125 0.0 0.0 0.0 0.0 0.0 0.0 
100.375 0.0 0.0 0.0 0.0 0.0 0.0 
100.625 0.0 0.0 0.0 0.0 0.0 0.0 
100.875 0.0 0.0 0.0 0.0 0.0 0.0 
101.125 0.0 0.0 0.0 0.0 0.0 0.0 
101.375 0.0 0.0 0.0 0.0 0.0 0.0 
101.625 0.0 0.0 0.0 0.0 0.0 0.0 
101.875 0.0 0.0 0.0 0.0 0.0 0.0 
102.125 0.0 0.0 0.0 0.0 0.0 0.0 
102.375 0.0 0.0 0.0 0.0 0.0 0.0 
102.625 0.0 0.0 0.0 0.0 0.0 0.0 
102.875 0.0 0.0 0.0 0.0 0.0 0.0 
103.125 0.0 0.0 0.0 0.0 0.0 0.0 
103.375 0.0 0.0 0.0 0.0 0.0 0.0 
103.625 0.0 0.0 0.0 0.0 0.0 0.0 
103.875 0.0 0.0 0.0 0.0 0.0 0.0 
104.125 0.0 0.0 0.0 0.0 0.0 0.0 
104.375 0.0 0.0 0.0 0.0 0.0 0.0 
104.625 0.0 0.0 0.0 0.0 0.0 0.0 
104.875 0.0 0.0 0.0 0.0 0.0 0.0 
105.125 0.0 0.0 0.0 0.0 0.0 0.0 
105.375 0.0 0.0 0.0 0.0 0.0 0.0 
105.625 0.0 0.0 0.0 0.0 0.0 0.0 
105.875 0.0 0.0 0.0 0.0 0.0 0.0 
106.125 0.0 0.0 0.0 0.0 0.0 0.0 
106.375 0.0 0.0 0.0 0.0 0.0 0.0 
106.625 0.0 0.0 0.0 0.0 0.0 0.0 
106.875 0.0 0.0 0.0 0.0 0.0 0.0 
107.125 0.0 0.0 0.0 0.0 0.0 0.0 
107.375 0.0 0.0 0.0 0.0 0.0 0.0 
107.625 0.0 0.0 0.0 0.0 0.0 0.0 
107.875 0.0 0.0 0.0 0.0 0.0 0.0 
108.125 0.0 0.0 0.0 0.0 0.0 0.0 
108.375 0.0 0.0 0.0 0.0 0.0 0.0 
108.625 0.0 0.0 0.0 0.0 0.0 0.0 
108.875 0.0 0.0 0.0 0.0 0.0 0.0 
109.125 0.0 0.0 0.0 0.0 0.0 0.0 
109.375 0.0 0.0 0.0 0.0 0.0 0.0 
109.625 0.0 0.0 0.0 0.0 0.0 0.0 
109.875 0.0 0.0 0.0 0.0 0.0 0.0 
110.125 0.0 0.0 0.0 0.0 0.0 0.0 
110.375 0.0 0.0 0.0 0.0 0.0 0.0 
110.625 0.0 0.0 0.0 0.0 0.0 0.0 
110.875 0.0 0.0 0.0 0.0 0.0 0.0 
111.125 0.0 0.0 0.0 0.0 0.0 0.0 
111.375 0.0 0.0 0.0 0.0 0.0 0.0 
111.625 0.0 0.0 0.0 0.0 0.0 0.0 
111.875 0.0 0.0 0.0 0.0 0.0 0.0 
112.125 0.0 0.0 0.0 0.0 0.0 0.0 
112.375 0.0 0.0 0.0 0.0 0.0 0.0 
112.625 0.0 0.0 0.0 0.0 0.0 0.0 
112.875 0.0 0.0 0.0 0.0 0.0 0.0 
113.125 0.0 0.0 0.0 0.0 0.0 0.0 
113.375 0.0 0.0 0.0 0.0 0.0 0.0 
113.625 0.0 0.0 0.0 0.0 0.0 0.0 
113.875 0.0 0.0 0.0 0.0 0.0 0.0 
114.125 0.0 0.0 0.0 0.0 0.0 0.0 
114.375 0.0 0.0 0.0 0.0 0.0 0.0 
114.625 0.0 0.0 0.0 0.0 0.0 0.0 
114.875 0.0 0.0 0.0 0.0 0.0 0.0 
115.125 0.0 0.0 0.0 0.0 0.0 0.0 
115.375 0.0 0.0 0.0 0.0 0.0 0.0 
115.625 0.0 0.0 0.0 0.0 0.0 0.0 
115.875 0.0 0.0 0.0 0.0 0.0 0.0 
116.125 0.0 0.0 0.0 0.0 0.0 0.0 
116.375 0.0 0.0 0.0 0.0 0.0 0.0 
116.625 0.0 0.0 0.0 0.0 0.0 0.0 
116.875 0.0 0.0 0.0 0.0 0.0 0.0 
117.125 0.0 0.0 0.0 0.0 0.0 0.0 
117.375 0.0 0.0 0.0 0.0 0.0 0.0 
117.625 0.0 0.0 0.0 0.0 0.0 0.0 
117.875 0.0 0.0 0.0 0.0 0.0 0.0 
118.125 0.0 0.0 0.0 0.0 0.0 0.0 
118.375 0.0 0.0 0.0 0.0 0.0 0.0 
118.625 0.0 0.0 0.0 0.0 0.0 0.0 
118.875 0.0 0.0 0.0 0.0 0.0 0.0 
119.125 0.0 0.0 0.0 0.0 0.0 0.0 
119.375 0.0 0.0 0.0 0.0 0.0 0.0 
119.625 0.0 0.0 0.0 0.0 0.0 0.0 
119.875 0.0 0.0 0.0 0.0 0.0 0.0 
120.125 0.0 0.0 0.0 0.0 0.0 0.0 
120.375 0.0 0.0 0.0 0.0 0.0 0.0 
120.625 0.0 0.0 0.0 0.0 0.0 0.0 
120.875 0.0 0.0 0.0 0.0 0.0 0.0 
121.125 0.0 0.0 0.0 0.0 0.0 0.0 
121.375 0.0 0.0 0.0 0.0 0.0 0.0 
121.625 0.0 0.0 0.0 0.0 0.0 0.0 
121.875 0.0 0.0 0.0 0.0 0.0 0.0 
122.125 0.0 0.0 0.0 0.0 0.0 0.0 
122.375 0.0 0.0 0.0 0.0 0.0 0.0 
122.625 0.0 0.0 0.0 0.0 0.0 0.0 
122.875 0.0 0.0 0.0 0.0 0.0 0.0 
123.125 0.0 0.0 0.0 0.0 0.0 0.0 
123.375 0.0 0.0 0.0 0.0 0.0 0.0 
123.625 0.0 0.0 0.0 0.0 0.0 0.0 
123.875 0.0 0.0 0.0 0.0 0.0 0.0 
124.125 0.0 0.0 0.0 0.0 0.0 0.0 
124.375 0.0 0.0 0.0 0.0 0.0 0.0 
124.625 0.0 0.0 0.0 0.0 0.0 0.0 
124.875 0.0 0.0 0.0 0.0 0.0 0.0 
125.125 0.0 0.0 0.0 0.0 0.0 0.0 
