0.125 2.86009916e-07 2.40621164e-05 0.0 1.31753308e-06 5.033982e-05 0.0 
0.375 3.3105422e-07 2.08382568e-05 0.0 2.441668648e-06 9.3829518e-05 0.0 
0.625 3.219490936e-07 1.98251648e-05 0.0 3.21864316e-06 0.000149612328 0.0 
0.875 2.591891652e-07 2.03342912e-05 0.0 3.721622564e-06 0.000234150864 0.0 
1.125 2.62017642e-07 2.14676764e-05 0.0 3.8868949e-06 0.000338069504 0.0 
1.375 2.385315708e-07 2.14448652e-05 0.0 3.735295196e-06 0.000413137696 0.0 
1.625 2.08912354e-07 2.05969256e-05 0.0 3.498909364e-06 0.000475999144 0.0 
1.875 2.169223448e-07 1.89313084e-05 0.0 3.058339676e-06 0.000502351004 0.0 
2.125 2.524980896e-07 1.60519352e-05 0.0 2.7770318772e-06 0.000504800752 0.0 
2.375 2.4049805564e-07 1.427946328e-05 0.0 2.4740884436e-06 0.000502441616 0.0 
2.625 1.9710192636e-07 1.275569968e-05 0.0 2.2052008e-06 0.000468662428 0.0 
2.875 1.868934956e-07 1.124809108e-05 0.0 2.05214697924e-06 0.000400965688 0.0 
3.125 1.814579004e-07 1.007224228e-05 0.0 1.8525085384e-06 0.000314125672 0.0 
3.375 2.278553188e-07 9.1340254e-06 0.0 1.5109379612e-06 0.00024294364 0.0 
3.625 1.979321068e-07 7.87763952e-06 0.0 1.248069968e-06 0.00017795004 0.0 
3.875 2.478127822e-07 7.209764796e-06 0.0 1.2141648016e-06 0.0001242248412 0.0 
4.125 1.7454086856e-07 6.54407118e-06 0.0 1.0813355764e-06 8.04727068e-05 0.0 
4.375 1.953163144e-07 5.928490244e-06 0.0 7.00519436e-07 4.73926736e-05 0.0 
4.625 1.872965424e-07 5.264472484e-06 0.0 6.79378946e-07 2.609321808e-05 0.0 
4.875 1.81273572e-07 5.0106328e-06 0.0 7.357302212e-07 1.705413492e-05 0.0 
5.125 1.694293144e-07 4.790056132e-06 0.0 5.348327096e-07 1.241072936e-05 0.0 
5.375 1.714047256e-07 4.276974436e-06 0.0 4.488365492e-07 9.3016506e-06 0.0 
5.625 1.762644252e-07 3.76655722e-06 0.0 4.195081668e-07 6.97314102e-06 0.0 
5.875 1.656198336e-07 3.656119368e-06 0.0 2.84774314e-07 5.143330192e-06 0.0 
6.125 1.615638532e-07 3.38633304e-06 0.0 3.857927612e-07 4.227901392e-06 0.0 
6.375 1.604214732e-07 2.833397924e-06 0.0 4.05892902e-07 3.719842912e-06 0.0 
6.625 1.521417544e-07 2.586938048e-06 0.0 3.447691204e-07 3.387714016e-06 0.0 
6.875 1.448606328e-07 2.435413044e-06 0.0 2.748446e-07 2.892397052e-06 0.0 
7.125 1.397753652e-07 2.0731605736e-06 0.0 2.321164336e-07 2.68051074e-06 0.0 
7.375 1.368263224e-07 2.0211363e-06 0.0 2.126550372e-07 2.5592589e-06 0.0 
7.625 1.47569452e-07 1.8812648324e-06 0.0 1.882159564e-07 2.660955012e-06 0.0 
7.875 1.267720172e-07 1.799374896e-06 0.0 2.460342236e-07 2.320043372e-06 0.0 
8.125 1.344234048e-07 1.796859544e-06 0.0 1.68427888e-07 2.265896592e-06 0.0 
8.375 1.251272144e-07 1.3493667752e-06 0.0 1.711732888e-07 2.354632332e-06 0.0 
8.625 9.62596036e-08 1.445891512e-06 0.0 1.622521576e-07 2.115983232e-06 0.0 
8.875 1.221040324e-07 1.3691918596e-06 0.0 1.382511184e-07 1.983423428e-06 0.0 
9.125 9.65950852e-08 1.3354524888e-06 0.0 1.326745696e-07 2.00330974e-06 0.0 
9.375 1.054034856e-07 1.1863437148e-06 0.0 1.232001988e-07 1.750436952e-06 0.0 
9.625 9.14521024e-08 1.1275279524e-06 0.0 1.556323904e-07 1.851171668e-06 0.0 
9.875 9.27754624e-08 1.1201055592e-06 0.0 1.178412672e-07 1.822644672e-06 0.0 
10.125 9.6774402e-08 1.0029631848e-06 0.0 9.9300264e-08 1.670118968e-06 0.0 
10.375 7.4586246e-08 1.1047214624e-06 0.0 9.30830004e-08 1.892455968e-06 0.0 
10.625 9.39799432e-08 1.087457962e-06 0.0 9.88422968e-08 1.746104724e-06 0.0 
10.875 6.7569374e-08 9.20231844e-07 0.0 8.95852612e-08 1.63100024e-06 0.0 
11.125 8.58499928e-08 9.213542744e-07 0.0 8.93526556e-08 1.601652916e-06 0.0 
11.375 6.97042348e-08 6.974324676e-07 0.0 9.84866824e-08 1.657865796e-06 0.0 
11.625 6.33551676e-08 6.60384484e-07 0.0 6.55255776e-08 1.648275416e-06 0.0 
11.875 6.98279868e-08 7.016779856e-07 0.0 6.5170338e-08 1.52114806e-06 0.0 
12.125 5.28698888e-08 8.51587828e-07 0.0 6.77089204e-08 1.503489204e-06 0.0 
12.375 6.81794396e-08 6.511681308e-07 0.0 7.29203504e-08 1.349311436e-06 0.0 
12.625 5.91800556e-08 6.422176464e-07 0.0 6.16873404e-08 1.446469744e-06 0.0 
12.875 4.94810124e-08 6.300034012e-07 0.0 5.83420836e-08 1.321379764e-06 0.0 
13.125 5.79460232e-08 6.525460156e-07 0.0 4.47253732e-08 1.355392188e-06 0.0 
13.375 4.42693576e-08 6.67317604e-07 0.0 4.88426728e-08 1.21700044e-06 0.0 
13.625 4.94846996e-08 6.712288352e-07 0.0 4.48124156e-08 1.280862608e-06 0.0 
13.875 3.48394676e-08 6.911549124e-07 0.0 4.00546796e-08 9.55459972e-07 0.0 
14.125 4.07319492e-08 5.511425516e-07 0.0 4.33719508e-08 9.998760248e-07 0.0 
14.375 2.51427864e-08 4.713049708e-07 0.0 4.15940656e-08 9.474313396e-07 0.0 
14.625 2.74140696e-08 4.73642984e-07 0.0 2.2866832e-08 7.55502744e-07 0.0 
14.875 2.66002688e-08 4.469844032e-07 0.0 4.12912632e-08 6.772145388e-07 0.0 
15.125 2.6148968e-08 4.28492156e-07 0.0 2.90014752e-08 7.35230642e-07 0.0 
15.375 2.9784396e-08 4.993448544e-07 0.0 2.2511384e-08 6.535097284e-07 0.0 
15.625 3.0409668e-08 5.191520168e-07 0.0 2.7223124e-08 6.382503724e-07 0.0 
15.875 2.40482112e-08 4.18172518e-07 0.0 2.502506e-08 5.282658276e-07 0.0 
16.125 2.22728048e-08 3.363508364e-07 0.0 1.9654088e-08 5.963030112e-07 0.0 
16.375 1.9871628e-08 6.259095228e-07 0.0 3.6880872e-08 5.405871336e-07 0.0 
16.625 1.9071676e-08 4.537084544e-07 0.0 2.2943136e-08 5.035679664e-07 0.0 
16.875 1.6519392e-08 4.658709464e-07 0.0 1.7328836e-08 4.776853732e-07 0.0 
17.125 1.8345432e-08 4.945375768e-07 0.0 1.5382432e-08 4.31177918e-07 0.0 
17.375 1.9982152e-08 2.877774676e-07 0.0 3.1882504e-08 3.624397492e-07 0.0 
17.625 1.5397224e-08 3.514398568e-07 0.0 2.5410532e-08 3.339526784e-07 0.0 
17.875 1.6916216e-08 3.18934912e-07 0.0 2.0207928e-08 3.495244708e-07 0.0 
18.125 1.0857072e-08 2.567692096e-07 0.0 1.0869696e-08 3.0088324e-07 0.0 
18.375 1.6798388e-08 2.493101572e-07 0.0 1.087828e-08 4.01016114e-07 0.0 
18.625 1.2146736e-08 2.371513176e-07 0.0 2.2290836e-08 2.940678636e-07 0.0 
18.875 1.5356848e-08 2.337049668e-07 0.0 8.290852e-09 2.59888136e-07 0.0 
19.125 1.3353332e-08 2.53195588e-07 0.0 2.401006e-08 2.8845184e-07 0.0 
19.375 1.0070772e-08 2.78407688e-07 0.0 1.1503512e-08 2.88440008e-07 0.0 
19.625 8.460952e-09 2.01299244e-07 0.0 1.0099832e-08 2.710446e-07 0.0 
19.875 1.3677196e-08 2.31638976e-07 0.0 1.239782e-08 2.42534468e-07 0.0 
20.125 1.5099484e-08 2.01233532e-07 0.0 7.54118e-09 3.18248704e-07 0.0 
20.375 4.853964e-09 1.7870092e-07 0.0 1.1335096e-08 2.65749708e-07 0.0 
20.625 1.1893064e-08 2.10846776e-07 0.0 1.9544e-09 2.220726e-07 0.0 
20.875 5.430728e-09 1.68926912e-07 0.0 1.1869548e-08 2.11665928e-07 0.0 
21.125 5.641312e-09 1.58541272e-07 0.0 1.0163524e-08 2.01535808e-07 0.0 
21.375 7.230468e-09 1.64783056e-07 0.0 5.284088e-09 1.87112564e-07 0.0 
21.625 9.345772e-09 1.71820444e-07 0.0 3.55594e-09 1.85459944e-07 0.0 
21.875 5.911796e-09 1.47867692e-07 0.0 1.3796848e-08 3.23616284e-07 0.0 
22.125 2.838404e-09 1.80180368e-07 0.0 7.839544e-09 1.5509768e-07 0.0 
22.375 1.2448048e-08 1.89074984e-07 0.0 3.29486e-09 1.59463624e-07 0.0 
22.625 6.783016e-09 1.5758962e-07 0.0 2.955696e-09 1.46694392e-07 0.0 
22.875 7.978752e-09 2.19724352e-07 0.0 3.419284e-09 2.16339696e-07 0.0 
23.125 4.576788e-09 1.11847108e-07 0.0 5.198544e-09 1.4753528e-07 0.0 
23.375 1.0234708e-08 1.45142388e-07 0.0 1.39746e-09 1.31612688e-07 0.0 
23.625 3.091248e-09 1.12487952e-07 0.0 0.0 1.1416564e-07 0.0 
23.875 7.771804e-09 1.62627004e-07 0.0 3.449768e-09 1.34945944e-07 0.0 
24.125 2.890828e-09 1.10857252e-07 0.0 5.369232e-09 1.25196272e-07 0.0 
24.375 9.29196e-10 1.16156104e-07 0.0 6.468096e-09 1.31822928e-07 0.0 
24.625 6.390324e-09 1.4904256e-07 0.0 8.196784e-09 1.06585948e-07 0.0 
24.875 3.606196e-09 1.24777904e-07 0.0 3.15904e-09 9.856798e-08 0.0 
25.125 0.0 1.11209132e-07 0.0 0.0 1.01487444e-07 0.0 
25.375 4.517164e-09 1.0074944e-07 0.0 2.751848e-09 8.7654564e-08 0.0 
25.625 4.134156e-09 1.21975996e-07 0.0 6.069136e-09 1.30654544e-07 0.0 
25.875 1.174124e-09 1.07865272e-07 0.0 0.0 8.4510064e-08 0.0 
26.125 3.221192e-09 8.7472428e-08 0.0 0.0 9.089284e-08 0.0 
26.375 8.089412e-09 9.1668068e-08 0.0 2.54792e-09 8.2738736e-08 0.0 
26.625 3.586492e-09 8.4492068e-08 0.0 1.125296e-09 7.8514976e-08 0.0 
26.875 0.0 9.2004736e-08 0.0 1.221488e-09 6.8124244e-08 0.0 
27.125 2.121848e-09 1.08320484e-07 0.0 2.855384e-09 7.4265052e-08 0.0 
27.375 2.882336e-09 9.5294156e-08 0.0 0.0 7.9525196e-08 0.0 
27.625 0.0 7.0562224e-08 0.0 0.0 7.0301388e-08 0.0 
27.875 1.570616e-09 6.5319808e-08 0.0 0.0 5.9143936e-08 0.0 
28.125 8.04212e-09 8.3932632e-08 0.0 0.0 5.1193376e-08 0.0 
28.375 0.0 7.367504e-08 0.0 0.0 5.4813672e-08 0.0 
28.625 6.02816e-09 8.9601616e-08 0.0 0.0 6.9807328e-08 0.0 
28.875 0.0 7.9448268e-08 0.0 0.0 3.3024356e-08 0.0 
29.125 1.856672e-09 7.8062536e-08 0.0 0.0 4.7110356e-08 0.0 
29.375 4.62804e-09 5.3191848e-08 0.0 0.0 6.2122152e-08 0.0 
29.625 1.886584e-09 7.4233064e-08 0.0 0.0 4.6689524e-08 0.0 
29.875 4.38198e-09 5.9565964e-08 0.0 1.851912e-09 7.3217816e-08 0.0 
30.125 0.0 5.8433708e-08 0.0 0.0 3.9063264e-08 0.0 
30.375 0.0 6.2858868e-08 0.0 0.0 4.3704984e-08 0.0 
30.625 8.6306e-09 6.1755464e-08 0.0 0.0 4.9226656e-08 0.0 
30.875 0.0 3.569028e-08 0.0 0.0 3.1723768e-08 0.0 
31.125 0.0 4.7920224e-08 0.0 0.0 2.797418e-08 0.0 
31.375 0.0 5.2335408e-08 0.0 0.0 1.782992e-08 0.0 
31.625 8.51468e-09 3.6593764e-08 0.0 0.0 2.5956192e-08 0.0 
31.875 0.0 5.3697576e-08 0.0 0.0 2.1861068e-08 0.0 
32.125 0.0 4.2154572e-08 0.0 0.0 3.5876156e-08 0.0 
32.375 1.710156e-09 5.8607476e-08 0.0 0.0 1.9782224e-08 0.0 
32.625 0.0 4.3831864e-08 0.0 0.0 2.6921832e-08 0.0 
32.875 0.0 4.3674816e-08 0.0 0.0 2.7122412e-08 0.0 
33.125 0.0 5.5919616e-08 0.0 0.0 1.8403076e-08 0.0 
33.375 6.87304e-09 2.2081432e-08 0.0 0.0 2.4607724e-08 0.0 
33.625 0.0 3.905672e-08 0.0 0.0 3.162586e-08 0.0 
33.875 1.86136e-09 5.0804388e-08 0.0 0.0 3.3898676e-08 0.0 
34.125 0.0 3.7304056e-08 0.0 0.0 2.7421396e-08 0.0 
34.375 0.0 3.6284064e-08 0.0 0.0 2.8943356e-08 0.0 
34.625 0.0 3.7617048e-08 0.0 0.0 1.1613744e-08 0.0 
34.875 3.024312e-09 3.3805552e-08 0.0 0.0 1.77584e-08 0.0 
35.125 0.0 2.02994e-08 0.0 0.0 1.0960668e-08 0.0 
35.375 0.0 3.64507e-08 0.0 0.0 3.288378e-08 0.0 
35.625 0.0 1.7808172e-08 0.0 0.0 5.216988e-09 0.0 
35.875 0.0 3.021374e-08 0.0 0.0 1.586814e-08 0.0 
36.125 0.0 2.5595844e-08 0.0 0.0 7.300572e-09 0.0 
36.375 0.0 1.412828e-08 0.0 0.0 2.2905712e-08 0.0 
36.625 0.0 3.5530928e-08 0.0 0.0 6.36564e-09 0.0 
36.875 0.0 1.468686e-08 0.0 0.0 1.061568e-08 0.0 
37.125 0.0 2.868094e-08 0.0 0.0 1.2148124e-08 0.0 
37.375 0.0 1.3670696e-08 0.0 0.0 1.455458e-08 0.0 
37.625 0.0 2.0225288e-08 0.0 0.0 1.2731544e-08 0.0 
37.875 4.74372e-09 4.0940032e-08 0.0 0.0 1.0184756e-08 0.0 
38.125 0.0 3.0326388e-08 0.0 0.0 8.409616e-09 0.0 
38.375 0.0 2.3816564e-08 0.0 0.0 1.6316256e-08 0.0 
38.625 0.0 2.4487876e-08 0.0 0.0 2.4713532e-08 0.0 
38.875 0.0 1.1729212e-08 0.0 0.0 9.566916e-09 0.0 
39.125 0.0 1.1602836e-08 0.0 0.0 6.269684e-09 0.0 
39.375 0.0 9.636444e-09 0.0 0.0 1.132748e-08 0.0 
39.625 0.0 3.4067436e-08 0.0 0.0 1.3624432e-08 0.0 
39.875 0.0 5.988152e-09 0.0 0.0 2.07796e-09 0.0 
40.125 0.0 1.7342536e-08 0.0 1.563332e-08 1.203066e-08 0.0 
40.375 0.0 9.64808e-09 0.0 0.0 9.003124e-09 0.0 
40.625 0.0 4.093148e-09 0.0 0.0 1.68441e-08 0.0 
40.875 0.0 1.5108912e-08 0.0 0.0 1.1203676e-08 0.0 
41.125 3.039388e-09 1.192116e-08 0.0 0.0 4.87828e-09 0.0 
41.375 0.0 7.470912e-09 0.0 0.0 3.570068e-09 0.0 
41.625 0.0 7.687988e-09 0.0 0.0 2.457992e-09 0.0 
41.875 0.0 1.1641456e-08 0.0 0.0 5.457608e-09 0.0 
42.125 0.0 1.1831376e-08 0.0 0.0 0.0 0.0 
42.375 0.0 8.126968e-09 0.0 0.0 7.131024e-09 0.0 
42.625 0.0 1.29572e-08 0.0 0.0 0.0 0.0 
42.875 0.0 0.0 0.0 0.0 2.98708e-09 0.0 
43.125 0.0 1.0427036e-08 0.0 0.0 3.538424e-09 0.0 
43.375 0.0 0.0 0.0 0.0 3.060564e-09 0.0 
43.625 0.0 2.517936e-09 0.0 0.0 2.779304e-09 0.0 
43.875 0.0 4.02656e-09 0.0 0.0 1.4270948e-08 0.0 
44.125 0.0 2.490272e-09 0.0 0.0 4.881e-09 0.0 
44.375 0.0 9.90528e-09 0.0 0.0 6.326996e-09 0.0 
44.625 0.0 2.926388e-09 0.0 0.0 4.725272e-09 0.0 
44.875 0.0 6.128732e-09 0.0 0.0 0.0 0.0 
45.125 0.0 0.0 0.0 0.0 2.526012e-09 0.0 
45.375 0.0 8.688672e-09 0.0 0.0 7.31926e-09 0.0 
45.625 0.0 6.262796e-09 0.0 0.0 0.0 0.0 
45.875 0.0 1.3891844e-08 0.0 0.0 0.0 0.0 
46.125 0.0 5.99688e-09 0.0 0.0 0.0 0.0 
46.375 0.0 0.0 0.0 0.0 0.0 0.0 
46.625 0.0 5.916416e-09 0.0 0.0 0.0 0.0 
46.875 0.0 2.840992e-09 0.0 0.0 0.0 0.0 
47.125 0.0 2.748004e-09 0.0 0.0 0.0 0.0 
47.375 0.0 2.499112e-09 0.0 0.0 0.0 0.0 
47.625 0.0 0.0 0.0 0.0 0.0 0.0 
47.875 0.0 7.70164e-09 0.0 0.0 0.0 0.0 
48.125 0.0 1.2314772e-08 0.0 0.0 8.562972e-09 0.0 
48.375 0.0 0.0 0.0 0.0 2.691696e-09 0.0 
48.625 0.0 0.0 0.0 0.0 2.585228e-09 0.0 
48.875 0.0 0.0 0.0 0.0 9.51476e-09 0.0 
49.125 0.0 1.396412e-08 0.0 0.0 0.0 0.0 
49.375 0.0 3.371924e-09 0.0 0.0 0.0 0.0 
49.625 0.0 0.0 0.0 0.0 0.0 0.0 
49.875 0.0 0.0 0.0 0.0 0.0 0.0 
50.125 0.0 0.0 0.0 0.0 0.0 0.0 
50.375 0.0 0.0 0.0 0.0 3.861492e-09 0.0 
50.625 0.0 0.0 0.0 0.0 0.0 0.0 
50.875 0.0 5.71436e-09 0.0 0.0 0.0 0.0 
51.125 0.0 0.0 0.0 0.0 0.0 0.0 
51.375 0.0 7.693776e-09 0.0 0.0 0.0 0.0 
51.625 0.0 0.0 0.0 0.0 5.1838e-09 0.0 
51.875 0.0 0.0 0.0 0.0 0.0 0.0 
52.125 0.0 0.0 0.0 0.0 0.0 0.0 
52.375 0.0 0.0 0.0 0.0 7.12224e-09 0.0 
52.625 0.0 0.0 0.0 0.0 0.0 0.0 
52.875 0.0 0.0 0.0 0.0 0.0 0.0 
53.125 0.0 0.0 0.0 0.0 0.0 0.0 
53.375 0.0 8.14452e-09 0.0 0.0 9.04924e-09 0.0 
53.625 0.0 3.580692e-09 0.0 0.0 0.0 0.0 
53.875 0.0 0.0 0.0 0.0 0.0 0.0 
54.125 0.0 0.0 0.0 0.0 0.0 0.0 
54.375 0.0 0.0 0.0 0.0 0.0 0.0 
54.625 0.0 0.0 0.0 0.0 0.0 0.0 
54.875 0.0 0.0 0.0 0.0 0.0 0.0 
55.125 0.0 0.0 0.0 0.0 0.0 0.0 
55.375 0.0 7.56104e-09 0.0 0.0 0.0 0.0 
55.625 0.0 5.59112e-09 0.0 0.0 0.0 0.0 
55.875 0.0 3.749796e-09 0.0 0.0 0.0 0.0 
56.125 0.0 0.0 0.0 0.0 0.0 0.0 
56.375 0.0 0.0 0.0 0.0 6.23424e-09 0.0 
56.625 0.0 0.0 0.0 0.0 0.0 0.0 
56.875 0.0 4.65532e-09 0.0 0.0 0.0 0.0 
57.125 0.0 0.0 0.0 0.0 0.0 0.0 
57.375 0.0 0.0 0.0 0.0 0.0 0.0 
57.625 0.0 0.0 0.0 0.0 0.0 0.0 
57.875 0.0 0.0 0.0 0.0 0.0 0.0 
58.125 0.0 0.0 0.0 0.0 4.48432e-09 0.0 
58.375 0.0 0.0 0.0 0.0 0.0 0.0 
58.625 0.0 0.0 0.0 0.0 0.0 0.0 
58.875 0.0 0.0 0.0 0.0 0.0 0.0 
59.125 0.0 0.0 0.0 0.0 0.0 0.0 
59.375 0.0 0.0 0.0 0.0 0.0 0.0 
59.625 0.0 0.0 0.0 0.0 0.0 0.0 
59.875 0.0 0.0 0.0 0.0 0.0 0.0 
60.125 0.0 0.0 0.0 0.0 0.0 0.0 
60.375 0.0 2.12134e-08 0.0 0.0 0.0 0.0 
60.625 0.0 0.0 0.0 0.0 0.0 0.0 
60.875 0.0 0.0 0.0 0.0 0.0 0.0 
61.125 0.0 0.0 0.0 0.0 0.0 0.0 
61.375 0.0 0.0 0.0 0.0 0.0 0.0 
61.625 0.0 0.0 0.0 0.0 0.0 0.0 
61.875 0.0 0.0 0.0 0.0 0.0 0.0 
62.125 0.0 0.0 0.0 0.0 0.0 0.0 
62.375 0.0 0.0 0.0 0.0 0.0 0.0 
62.625 0.0 0.0 0.0 0.0 0.0 0.0 
62.875 0.0 0.0 0.0 0.0 0.0 0.0 
63.125 0.0 0.0 0.0 0.0 0.0 0.0 
63.375 0.0 0.0 0.0 0.0 0.0 0.0 
63.625 0.0 0.0 0.0 0.0 0.0 0.0 
63.875 0.0 0.0 0.0 0.0 0.0 0.0 
64.125 0.0 0.0 0.0 0.0 0.0 0.0 
64.375 0.0 0.0 0.0 0.0 0.0 0.0 
64.625 0.0 0.0 0.0 0.0 0.0 0.0 
64.875 0.0 0.0 0.0 0.0 0.0 0.0 
65.125 0.0 0.0 0.0 0.0 0.0 0.0 
65.375 0.0 0.0 0.0 0.0 0.0 0.0 
65.625 0.0 0.0 0.0 0.0 0.0 0.0 
65.875 0.0 0.0 0.0 0.0 0.0 0.0 
66.125 0.0 0.0 0.0 0.0 0.0 0.0 
66.375 0.0 0.0 0.0 0.0 0.0 0.0 
66.625 0.0 0.0 0.0 0.0 0.0 0.0 
66.875 0.0 0.0 0.0 0.0 0.0 0.0 
67.125 0.0 0.0 0.0 0.0 0.0 0.0 
67.375 0.0 0.0 0.0 0.0 0.0 0.0 
67.625 0.0 0.0 0.0 0.0 0.0 0.0 
67.875 0.0 0.0 0.0 0.0 0.0 0.0 
68.125 0.0 0.0 0.0 0.0 0.0 0.0 
68.375 0.0 0.0 0.0 0.0 0.0 0.0 
68.625 0.0 0.0 0.0 0.0 0.0 0.0 
68.875 0.0 0.0 0.0 0.0 0.0 0.0 
69.125 0.0 0.0 0.0 0.0 0.0 0.0 
69.375 0.0 0.0 0.0 0.0 0.0 0.0 
69.625 0.0 0.0 0.0 0.0 0.0 0.0 
69.875 0.0 0.0 0.0 0.0 0.0 0.0 
70.125 0.0 0.0 0.0 0.0 0.0 0.0 
70.375 0.0 0.0 0.0 0.0 0.0 0.0 
70.625 0.0 0.0 0.0 0.0 0.0 0.0 
70.875 0.0 0.0 0.0 0.0 0.0 0.0 
71.125 0.0 0.0 0.0 0.0 0.0 0.0 
71.375 0.0 0.0 0.0 0.0 0.0 0.0 
71.625 0.0 0.0 0.0 0.0 0.0 0.0 
71.875 0.0 0.0 0.0 0.0 0.0 0.0 
72.125 0.0 0.0 0.0 0.0 0.0 0.0 
72.375 0.0 0.0 0.0 0.0 0.0 0.0 
72.625 0.0 0.0 0.0 0.0 0.0 0.0 
72.875 0.0 0.0 0.0 0.0 0.0 0.0 
73.125 0.0 0.0 0.0 0.0 0.0 0.0 
73.375 0.0 0.0 0.0 0.0 0.0 0.0 
73.625 0.0 0.0 0.0 0.0 0.0 0.0 
73.875 0.0 0.0 0.0 0.0 0.0 0.0 
74.125 0.0 0.0 0.0 0.0 0.0 0.0 
74.375 0.0 0.0 0.0 0.0 0.0 0.0 
74.625 0.0 0.0 0.0 0.0 0.0 0.0 
74.875 0.0 0.0 0.0 0.0 0.0 0.0 
75.125 0.0 0.0 0.0 0.0 0.0 0.0 
75.375 0.0 0.0 0.0 0.0 0.0 0.0 
75.625 0.0 0.0 0.0 0.0 0.0 0.0 
75.875 0.0 0.0 0.0 0.0 0.0 0.0 
76.125 0.0 0.0 0.0 0.0 0.0 0.0 
76.375 0.0 0.0 0.0 0.0 0.0 0.0 
76.625 0.0 0.0 0.0 0.0 0.0 0.0 
76.875 0.0 0.0 0.0 0.0 0.0 0.0 
77.125 0.0 0.0 0.0 0.0 0.0 0.0 
77.375 0.0 0.0 0.0 0.0 0.0 0.0 
77.625 0.0 0.0 0.0 0.0 0.0 0.0 
77.875 0.0 0.0 0.0 0.0 0.0 0.0 
78.125 0.0 0.0 0.0 0.0 0.0 0.0 
78.375 0.0 0.0 0.0 0.0 0.0 0.0 
78.625 0.0 0.0 0.0 0.0 0.0 0.0 
78.875 0.0 0.0 0.0 0.0 0.0 0.0 
79.125 0.0 0.0 0.0 0.0 0.0 0.0 
79.375 0.0 0.0 0.0 0.0 0.0 0.0 
79.625 0.0 0.0 0.0 0.0 0.0 0.0 
79.875 0.0 0.0 0.0 0.0 0.0 0.0 
80.125 0.0 0.0 0.0 0.0 0.0 0.0 
80.375 0.0 0.0 0.0 0.0 0.0 0.0 
80.625 0.0 0.0 0.0 0.0 0.0 0.0 
80.875 0.0 0.0 0.0 0.0 0.0 0.0 
81.125 0.0 0.0 0.0 0.0 0.0 0.0 
81.375 0.0 0.0 0.0 0.0 0.0 0.0 
81.625 0.0 0.0 0.0 0.0 0.0 0.0 
81.875 0.0 0.0 0.0 0.0 0.0 0.0 
82.125 0.0 0.0 0.0 0.0 0.0 0.0 
82.375 0.0 0.0 0.0 0.0 0.0 0.0 
82.625 0.0 0.0 0.0 0.0 0.0 0.0 
82.875 0.0 0.0 0.0 0.0 0.0 0.0 
83.125 0.0 0.0 0.0 0.0 0.0 0.0 
83.375 0.0 0.0 0.0 0.0 0.0 0.0 
83.625 0.0 0.0 0.0 0.0 0.0 0.0 
83.875 0.0 0.0 0.0 0.0 0.0 0.0 
84.125 0.0 0.0 0.0 0.0 0.0 0.0 
84.375 0.0 0.0 0.0 0.0 0.0 0.0 
84.625 0.0 0.0 0.0 0.0 0.0 0.0 
84.875 0.0 0.0 0.0 0.0 0.0 0.0 
85.125 0.0 0.0 0.0 0.0 0.0 0.0 
85.375 0.0 0.0 0.0 0.0 0.0 0.0 
85.625 0.0 0.0 0.0 0.0 0.0 0.0 
85.875 0.0 0.0 0.0 0.0 0.0 0.0 
86.125 0.0 0.0 0.0 0.0 0.0 0.0 
86.375 0.0 0.0 0.0 0.0 0.0 0.0 
86.625 0.0 0.0 0.0 0.0 0.0 0.0 
86.875 0.0 0.0 0.0 0.0 0.0 0.0 
87.125 0.0 0.0 0.0 0.0 0.0 0.0 
87.375 0.0 0.0 0.0 0.0 0.0 0.0 
87.625 0.0 0.0 0.0 0.0 0.0 0.0 
87.875 0.0 0.0 0.0 0.0 0.0 0.0 
88.125 0.0 0.0 0.0 0.0 0.0 0.0 
88.375 0.0 0.0 0.0 0.0 0.0 0.0 
88.625 0.0 0.0 0.0 0.0 0.0 0.0 
88.875 0.0 0.0 0.0 0.0 0.0 0.0 
89.125 0.0 0.0 0.0 0.0 0.0 0.0 
89.375 0.0 0.0 0.0 0.0 0.0 0.0 
89.625 0.0 0.0 0.0 0.0 0.0 0.0 
89.875 0.0 0.0 0.0 0.0 0.0 0.0 
90.125 0.0 0.0 0.0 0.0 0.0 0.0 
90.375 0.0 0.0 0.0 0.0 0.0 0.0 
90.625 0.0 0.0 0.0 0.0 0.0 0.0 
90.875 0.0 0.0 0.0 0.0 0.0 0.0 
91.125 0.0 0.0 0.0 0.0 0.0 0.0 
91.375 0.0 0.0 0.0 0.0 0.0 0.0 
91.625 0.0 0.0 0.0 0.0 0.0 0.0 
91.875 0.0 0.0 0.0 0.0 0.0 0.0 
92.125 0.0 0.0 0.0 0.0 0.0 0.0 
92.375 0.0 0.0 0.0 0.0 0.0 0.0 
92.625 0.0 0.0 0.0 0.0 0.0 0.0 
92.875 0.0 0.0 0.0 0.0 0.0 0.0 
93.125 0.0 0.0 0.0 0.0 0.0 0.0 
93.375 0.0 0.0 0.0 0.0 0.0 0.0 
93.625 0.0 0.0 0.0 0.0 0.0 0.0 
93.875 0.0 0.0 0.0 0.0 0.0 0.0 
94.125 0.0 0.0 0.0 0.0 0.0 0.0 
94.375 0.0 0.0 0.0 0.0 0.0 0.0 
94.625 0.0 0.0 0.0 0.0 0.0 0.0 
94.875 0.0 0.0 0.0 0.0 0.0 0.0 
95.125 0.0 0.0 0.0 0.0 0.0 0.0 
95.375 0.0 0.0 0.0 0.0 0.0 0.0 
95.625 0.0 0.0 0.0 0.0 0.0 0.0 
95.875 0.0 0.0 0.0 0.0 0.0 0.0 
96.125 0.0 0.0 0.0 0.0 0.0 0.0 
96.375 0.0 0.0 0.0 0.0 0.0 0.0 
96.625 0.0 0.0 0.0 0.0 0.0 0.0 
96.875 0.0 0.0 0.0 0.0 0.0 0.0 
97.125 0.0 0.0 0.0 0.0 0.0 0.0 
97.375 0.0 0.0 0.0 0.0 0.0 0.0 
97.625 0.0 0.0 0.0 0.0 0.0 0.0 
97.875 0.0 0.0 0.0 0.0 0.0 0.0 
98.125 0.0 0.0 0.0 0.0 0.0 0.0 
98.375 0.0 0.0 0.0 0.0 0.0 0.0 
98.625 0.0 0.0 0.0 0.0 0.0 0.0 
98.875 0.0 0.0 0.0 0.0 0.0 0.0 
99.125 0.0 0.0 0.0 0.0 0.0 0.0 
99.375 0.0 0.0 0.0 0.0 0.0 0.0 
99.625 0.0 0.0 0.0 0.0 0.0 0.0 
99.875 0.0 0.0 0.0 0.0 0.0 0.0 
100.125 0.0 0.0 0.0 0.0 0.0 0.0 
100.375 0.0 0.0 0.0 0.0 0.0 0.0 
100.625 0.0 0.0 0.0 0.0 0.0 0.0 
100.875 0.0 0.0 0.0 0.0 0.0 0.0 
101.125 0.0 0.0 0.0 0.0 0.0 0.0 
101.375 0.0 0.0 0.0 0.0 0.0 0.0 
101.625 0.0 0.0 0.0 0.0 0.0 0.0 
101.875 0.0 0.0 0.0 0.0 0.0 0.0 
102.125 0.0 0.0 0.0 0.0 0.0 0.0 
102.375 0.0 0.0 0.0 0.0 0.0 0.0 
102.625 0.0 0.0 0.0 0.0 0.0 0.0 
102.875 0.0 0.0 0.0 0.0 0.0 0.0 
103.125 0.0 0.0 0.0 0.0 0.0 0.0 
103.375 0.0 0.0 0.0 0.0 0.0 0.0 
103.625 0.0 0.0 0.0 0.0 0.0 0.0 
103.875 0.0 0.0 0.0 0.0 0.0 0.0 
104.125 0.0 0.0 0.0 0.0 0.0 0.0 
104.375 0.0 0.0 0.0 0.0 0.0 0.0 
104.625 0.0 0.0 0.0 0.0 0.0 0.0 
104.875 0.0 0.0 0.0 0.0 0.0 0.0 
105.125 0.0 0.0 0.0 0.0 0.0 0.0 
105.375 0.0 0.0 0.0 0.0 0.0 0.0 
105.625 0.0 0.0 0.0 0.0 0.0 0.0 
105.875 0.0 0.0 0.0 0.0 0.0 0.0 
106.125 0.0 0.0 0.0 0.0 0.0 0.0 
106.375 0.0 0.0 0.0 0.0 0.0 0.0 
106.625 0.0 0.0 0.0 0.0 0.0 0.0 
106.875 0.0 0.0 0.0 0.0 0.0 0.0 
107.125 0.0 0.0 0.0 0.0 0.0 0.0 
107.375 0.0 0.0 0.0 0.0 0.0 0.0 
107.625 0.0 0.0 0.0 0.0 0.0 0.0 
107.875 0.0 0.0 0.0 0.0 0.0 0.0 
108.125 0.0 0.0 0.0 0.0 0.0 0.0 
108.375 0.0 0.0 0.0 0.0 0.0 0.0 
108.625 0.0 0.0 0.0 0.0 0.0 0.0 
108.875 0.0 0.0 0.0 0.0 0.0 0.0 
109.125 0.0 0.0 0.0 0.0 0.0 0.0 
109.375 0.0 0.0 0.0 0.0 0.0 0.0 
109.625 0.0 0.0 0.0 0.0 0.0 0.0 
109.875 0.0 0.0 0.0 0.0 0.0 0.0 
110.125 0.0 0.0 0.0 0.0 0.0 0.0 
110.375 0.0 0.0 0.0 0.0 0.0 0.0 
110.625 0.0 0.0 0.0 0.0 0.0 0.0 
110.875 0.0 0.0 0.0 0.0 0.0 0.0 
111.125 0.0 0.0 0.0 0.0 0.0 0.0 
111.375 0.0 0.0 0.0 0.0 0.0 0.0 
111.625 0.0 0.0 0.0 0.0 0.0 0.0 
111.875 0.0 0.0 0.0 0.0 0.0 0.0 
112.125 0.0 0.0 0.0 0.0 0.0 0.0 
112.375 0.0 0.0 0.0 0.0 0.0 0.0 
112.625 0.0 0.0 0.0 0.0 0.0 0.0 
112.875 0.0 0.0 0.0 0.0 0.0 0.0 
113.125 0.0 0.0 0.0 0.0 0.0 0.0 
113.375 0.0 0.0 0.0 0.0 0.0 0.0 
113.625 0.0 0.0 0.0 0.0 0.0 0.0 
113.875 0.0 0.0 0.0 0.0 0.0 0.0 
114.125 0.0 0.0 0.0 0.0 0.0 0.0 
114.375 0.0 0.0 0.0 0.0 0.0 0.0 
114.625 0.0 0.0 0.0 0.0 0.0 0.0 
114.875 0.0 0.0 0.0 0.0 0.0 0.0 
115.125 0.0 0.0 0.0 0.0 0.0 0.0 
115.375 0.0 0.0 0.0 0.0 0.0 0.0 
115.625 0.0 0.0 0.0 0.0 0.0 0.0 
115.875 0.0 0.0 0.0 0.0 0.0 0.0 
116.125 0.0 0.0 0.0 0.0 0.0 0.0 
116.375 0.0 0.0 0.0 0.0 0.0 0.0 
116.625 0.0 0.0 0.0 0.0 0.0 0.0 
116.875 0.0 0.0 0.0 0.0 0.0 0.0 
117.125 0.0 0.0 0.0 0.0 0.0 0.0 
117.375 0.0 0.0 0.0 0.0 0.0 0.0 
117.625 0.0 0.0 0.0 0.0 0.0 0.0 
117.875 0.0 0.0 0.0 0.0 0.0 0.0 
118.125 0.0 0.0 0.0 0.0 0.0 0.0 
118.375 0.0 0.0 0.0 0.0 0.0 0.0 
118.625 0.0 0.0 0.0 0.0 0.0 0.0 
118.875 0.0 0.0 0.0 0.0 0.0 0.0 
119.125 0.0 0.0 0.0 0.0 0.0 0.0 
119.375 0.0 0.0 0.0 0.0 0.0 0.0 
119.625 0.0 0.0 0.0 0.0 0.0 0.0 
119.875 0.0 0.0 0.0 0.0 0.0 0.0 
120.125 0.0 0.0 0.0 0.0 0.0 0.0 
120.375 0.0 0.0 0.0 0.0 0.0 0.0 
120.625 0.0 0.0 0.0 0.0 0.0 0.0 
120.875 0.0 0.0 0.0 0.0 0.0 0.0 
121.125 0.0 0.0 0.0 0.0 0.0 0.0 
121.375 0.0 0.0 0.0 0.0 0.0 0.0 
121.625 0.0 0.0 0.0 0.0 0.0 0.0 
121.875 0.0 0.0 0.0 0.0 0.0 0.0 
122.125 0.0 0.0 0.0 0.0 0.0 0.0 
122.375 0.0 0.0 0.0 0.0 0.0 0.0 
122.625 0.0 0.0 0.0 0.0 0.0 0.0 
122.875 0.0 0.0 0.0 0.0 0.0 0.0 
123.125 0.0 0.0 0.0 0.0 0.0 0.0 
123.375 0.0 0.0 0.0 0.0 0.0 0.0 
123.625 0.0 0.0 0.0 0.0 0.0 0.0 
123.875 0.0 0.0 0.0 0.0 0.0 0.0 
124.125 0.0 0.0 0.0 0.0 0.0 0.0 
124.375 0.0 0.0 0.0 0.0 0.0 0.0 
124.625 0.0 0.0 0.0 0.0 0.0 0.0 
124.875 0.0 0.0 0.0 0.0 0.0 0.0 
125.125 0.0 0.0 0.0 0.0 0.0 0.0 
