 1.0000E-01 1.4562E+04 1.4990E+04 6.7685E+03 6.8873E+03
 1.1220E-01 1.2318E+04 1.2624E+04 5.8286E+03 5.8535E+03
 1.2589E-01 1.0337E+04 1.0558E+04 4.9401E+03 4.8996E+03
 1.4125E-01 8.6179E+03 8.8064E+03 4.1487E+03 4.0488E+03
 1.5849E-01 7.1509E+03 7.2565E+03 3.4686E+03 3.3363E+03
 1.7783E-01 5.8829E+03 5.9463E+03 2.8710E+03 2.7497E+03
 1.9953E-01 4.7837E+03 4.8484E+03 2.3664E+03 2.2282E+03
 2.2387E-01 3.8330E+03 3.8972E+03 1.9492E+03 1.7866E+03
 2.5119E-01 3.0514E+03 3.0876E+03 1.5819E+03 1.4268E+03
 2.8184E-01 2.4188E+03 2.4282E+03 1.2741E+03 1.1392E+03
 3.1623E-01 1.8939E+03 1.9072E+03 1.0197E+03 9.0094E+02
 3.5481E-01 1.4817E+03 1.4956E+03 8.1498E+02 7.0549E+02
 3.9811E-01 1.1596E+03 1.1703E+03 6.4911E+02 5.4682E+02
 4.4668E-01 8.9578E+02 9.1729E+02 5.0859E+02 4.2341E+02
 5.0119E-01 6.9405E+02 7.1042E+02 3.9657E+02 3.3028E+02
 5.6234E-01 5.4267E+02 5.4410E+02 3.0900E+02 2.5666E+02
 6.3096E-01 4.1958E+02 4.2218E+02 2.4179E+02 1.9982E+02
 7.0795E-01 3.2214E+02 3.2652E+02 1.8753E+02 1.5251E+02
 7.9433E-01 2.4588E+02 2.4887E+02 1.4593E+02 1.1658E+02
 8.9125E-01 1.8920E+02 1.9078E+02 1.1327E+02 8.9758E+01
 1.0000E+00 1.4572E+02 1.4724E+02 8.6976E+01 6.9064E+01
 1.1220E+00 1.1177E+02 1.1266E+02 6.6778E+01 5.2620E+01
 1.2589E+00 8.5941E+01 8.6101E+01 5.0943E+01 4.0189E+01
 1.4125E+00 6.5692E+01 6.5708E+01 3.9038E+01 3.0876E+01
 1.5849E+00 5.0157E+01 4.9897E+01 3.0065E+01 2.3251E+01
 1.7783E+00 3.8037E+01 3.7414E+01 2.2781E+01 1.7551E+01
 1.9953E+00 2.8803E+01 2.8232E+01 1.7154E+01 1.3311E+01
 2.2387E+00 2.1854E+01 2.1379E+01 1.2983E+01 9.8527E+00
 2.5119E+00 1.6322E+01 1.5972E+01 9.5772E+00 7.3955E+00
 2.8184E+00 1.2214E+01 1.1856E+01 7.1081E+00 5.5182E+00
 3.1623E+00 9.2358E+00 8.8463E+00 5.3857E+00 4.1555E+00
 3.5481E+00 6.8693E+00 6.5744E+00 3.9738E+00 3.0589E+00
 3.9811E+00 5.1011E+00 4.8779E+00 2.9318E+00 2.2527E+00
 4.4668E+00 3.7663E+00 3.5726E+00 2.1429E+00 1.6467E+00
 5.0119E+00 2.7763E+00 2.6307E+00 1.5765E+00 1.1927E+00
 5.6234E+00 2.0347E+00 1.9455E+00 1.1523E+00 8.6830E-01
 6.3096E+00 1.4762E+00 1.4207E+00 8.2698E-01 6.3215E-01
 7.0795E+00 1.0774E+00 1.0294E+00 5.9744E-01 4.6097E-01
 7.9433E+00 7.8860E-01 7.4520E-01 4.3184E-01 3.3401E-01
 8.9125E+00 5.6980E-01 5.4085E-01 3.0773E-01 2.3477E-01
 1.0000E+01 4.1422E-01 3.9172E-01 2.2237E-01 1.6797E-01
 1.1220E+01 2.9906E-01 2.8176E-01 1.5810E-01 1.1904E-01
 1.2589E+01 2.1573E-01 2.0205E-01 1.1269E-01 8.4440E-02
 1.4125E+01 1.5597E-01 1.4536E-01 7.9663E-02 5.9816E-02
 1.5849E+01 1.1274E-01 1.0440E-01 5.6175E-02 4.2181E-02
 1.7783E+01 8.1029E-02 7.5048E-02 3.9562E-02 2.9601E-02
 1.9953E+01 5.7987E-02 5.3722E-02 2.7518E-02 2.0627E-02
 2.2387E+01 4.1406E-02 3.8353E-02 1.9200E-02 1.4498E-02
 2.5119E+01 2.9804E-02 2.7200E-02 1.3344E-02 1.0069E-02
 2.8184E+01 2.1423E-02 1.9300E-02 9.2426E-03 6.9881E-03
 3.1623E+01 1.5485E-02 1.3925E-02 6.4294E-03 4.9014E-03
 3.5481E+01 1.1083E-02 9.9185E-03 4.4097E-03 3.3713E-03
 3.9811E+01 7.9111E-03 7.0386E-03 3.0254E-03 2.3275E-03
 4.4668E+01 5.6583E-03 4.9831E-03 2.0707E-03 1.6094E-03
