 1.0000E-01 1.4562E+04 1.4990E+04 6.7685E+03 6.8873E+03
 1.1220E-01 1.2318E+04 1.2624E+04 5.8286E+03 5.8535E+03
 1.2589E-01 1.0337E+04 1.0558E+04 4.9401E+03 4.8996E+03
 1.4125E-01 8.6179E+03 8.8064E+03 4.1487E+03 4.0488E+03
 1.5849E-01 7.1509E+03 7.2565E+03 3.4686E+03 3.3363E+03
 1.7783E-01 5.8829E+03 5.9463E+03 2.8710E+03 2.7497E+03
 1.9953E-01 4.7837E+03 4.8484E+03 2.3664E+03 2.2282E+03
 2.2387E-01 3.8330E+03 3.8972E+03 1.9492E+03 1.7866E+03
 2.5119E-01 3.0514E+03 3.0876E+03 1.5819E+03 1.4268E+03
 2.8184E-01 2.4188E+03 2.4282E+03 1.2741E+03 1.1392E+03
 3.1623E-01 1.8939E+03 1.9072E+03 1.0197E+03 9.0094E+02
 3.5481E-01 1.4817E+03 1.4956E+03 8.1498E+02 7.0549E+02
 3.9811E-01 1.1596E+03 1.1703E+03 6.4911E+02 5.4682E+02
 4.4668E-01 8.9578E+02 9.1729E+02 5.0859E+02 4.2341E+02
 5.0119E-01 6.9405E+02 7.1042E+02 3.9657E+02 3.3028E+02
 5.6234E-01 5.4267E+02 5.4410E+02 3.0900E+02 2.5666E+02
 6.3096E-01 4.1958E+02 4.2218E+02 2.4179E+02 1.9982E+02
 7.0795E-01 3.2214E+02 3.2652E+02 1.8753E+02 1.5251E+02
 7.9433E-01 2.4588E+02 2.4887E+02 1.4593E+02 1.1658E+02
 8.9125E-01 1.8920E+02 1.9078E+02 1.1327E+02 8.9758E+01
 1.0000E+00 1.4572E+02 1.4724E+02 8.6976E+01 6.9064E+01
 1.1220E+00 1.1177E+02 1.1266E+02 6.6778E+01 5.2620E+01
 1.2589E+00 8.5941E+01 8.6101E+01 5.0943E+01 4.0189E+01
 1.4125E+00 6.5692E+01 6.5708E+01 3.9038E+01 3.0876E+01
 1.5849E+00 5.0157E+01 4.9897E+01 3.0065E+01 2.3251E+01
 1.7783E+00 3.8037E+01 3.7414E+01 2.2781E+01 1.7551E+01
 1.9953E+00 2.8803E+01 2.8232E+01 1.7154E+01 1.3311E+01
 2.2387E+00 2.1854E+01 2.1379E+01 1.2983E+01 9.8527E+00
 2.5119E+00 1.6322E+01 1.5972E+01 9.5772E+00 7.3955E+00
 2.8184E+00 1.2214E+01 1.1856E+01 7.1081E+00 5.5182E+00
 3.1623E+00 9.2358E+00 8.8463E+00 5.3857E+00 4.1555E+00
 3.5481E+00 6.8693E+00 6.5744E+00 3.9738E+00 3.0589E+00
 3.9811E+00 5.1011E+00 4.8779E+00 2.9318E+00 2.2527E+00
 4.4668E+00 3.7663E+00 3.5726E+00 2.1429E+00 1.6467E+00
 5.0119E+00 2.7763E+00 2.6307E+00 1.5765E+00 1.1927E+00
 5.6234E+00 2.0347E+00 1.9455E+00 1.1523E+00 8.6830E-01
 6.3096E+00 1.4762E+00 1.4207E+00 8.2698E-01 6.3215E-01
 7.0795E+00 1.0774E+00 1.0294E+00 5.9744E-01 4.6097E-01
 7.9433E+00 7.8860E-01 7.4520E-01 4.3184E-01 3.3401E-01
 8.9125E+00 5.6980E-01 5.4085E-01 3.0773E-01 2.3477E-01
 1.0000E+01 4.1422E-01 3.9172E-01 2.2237E-01 1.6797E-01
 1.1220E+01 2.9906E-01 2.8176E-01 1.5810E-01 1.1904E-01
 1.2589E+01 2.1573E-01 2.0205E-01 1.1269E-01 8.4440E-02
 1.4125E+01 1.5597E-01 1.4536E-01 7.9663E-02 5.9816E-02
 1.5849E+01 1.1274E-01 1.0440E-01 5.6175E-02 4.2181E-02
 1.7783E+01 8.1029E-02 7.5048E-02 3.9562E-02 2.9601E-02
 1.9953E+01 5.7987E-02 5.3722E-02 2.7518E-02 2.0627E-02
 2.2387E+01 4.1406E-02 3.8353E-02 1.9200E-02 1.4498E-02
 2.5119E+01 2.9804E-02 2.7200E-02 1.3344E-02 1.0069E-02
 2.8184E+01 2.1423E-02 1.9300E-02 9.2426E-03 6.9881E-03
 3.1623E+01 1.5485E-02 1.3925E-02 6.4294E-03 4.9014E-03
 3.5481E+01 1.1083E-02 9.9185E-03 4.4097E-03 3.3713E-03
 3.9811E+01 7.9111E-03 7.0386E-03 3.0254E-03 2.3275E-03
 4.4668E+01 5.6583E-03 4.9831E-03 2.0707E-03 1.6094E-03
 5.0119E+01 4.0304E-03 3.5183E-03 1.4216E-03 1.0959E-03
 5.6234E+01 2.8759E-03 2.4897E-03 9.6547E-04 7.4668E-04
 6.3096E+01 2.0510E-03 1.7606E-03 6.5669E-04 5.0704E-04
 7.0795E+01 1.4613E-03 1.2446E-03 4.4456E-04 3.4432E-04
 7.9433E+01 1.0423E-03 8.7856E-04 2.9913E-04 2.3274E-04
 8.9125E+01 7.4247E-04 6.1799E-04 2.0124E-04 1.5661E-04
 1.0000E+02 5.2776E-04 4.3554E-04 1.3499E-04 1.0545E-04
 1.1220E+02 3.7483E-04 3.0714E-04 9.0471E-05 7.0785E-05
 1.2589E+02 2.6585E-04 2.1595E-04 6.0355E-05 4.7237E-05
 1.4125E+02 1.8836E-04 1.5169E-04 4.0098E-05 3.1555E-05
 1.5849E+02 1.3345E-04 1.0642E-04 2.6664E-05 2.1035E-05
 1.7783E+02 9.4408E-05 7.4601E-05 1.7691E-05 1.3908E-05
 1.9953E+02 6.6646E-05 5.2194E-05 1.1725E-05 9.2143E-06
 2.2387E+02 4.7041E-05 3.6502E-05 7.7314E-06 6.1162E-06
 2.5119E+02 3.3210E-05 2.5512E-05 5.0737E-06 4.0310E-06
 2.8184E+02 2.3344E-05 1.7817E-05 3.3477E-06 2.6407E-06
 3.1623E+02 1.6402E-05 1.2426E-05 2.2041E-06 1.7463E-06
 3.5481E+02 1.1530E-05 8.6406E-06 1.4450E-06 1.1565E-06
 3.9811E+02 8.1004E-06 5.9947E-06 9.5125E-07 7.5897E-07
 4.4668E+02 5.6795E-06 4.1707E-06 6.2579E-07 4.9636E-07
 5.0119E+02 3.9757E-06 2.8990E-06 4.0996E-07 3.2842E-07
 5.6234E+02 2.7773E-06 2.0061E-06 2.7165E-07 2.1555E-07
 6.3096E+02 1.9416E-06 1.3900E-06 1.7752E-07 1.4065E-07
 7.0795E+02 1.3568E-06 9.6354E-07 1.1586E-07 9.3134E-08
 7.9433E+02 9.4684E-07 6.6646E-07 7.6267E-08 6.1820E-08
 8.9125E+02 6.6243E-07 4.6080E-07 5.0417E-08 4.0871E-08
 1.0000E+03 4.6173E-07 3.1906E-07 3.3254E-08 2.6864E-08
 1.1220E+03 3.2137E-07 2.1953E-07 2.1776E-08 1.7695E-08
 1.2589E+03 2.2394E-07 1.5084E-07 1.4269E-08 1.1688E-08
 1.4125E+03 1.5637E-07 1.0422E-07 9.4838E-09 7.6034E-09
 1.5849E+03 1.0910E-07 7.2134E-08 6.3241E-09 4.9579E-09
 1.7783E+03 7.5517E-08 4.9667E-08 4.1688E-09 3.3104E-09
 1.9953E+03 5.2332E-08 3.4059E-08 2.7647E-09 2.2117E-09
 2.2387E+03 3.6259E-08 2.3375E-08 1.8351E-09 1.4539E-09
 2.5119E+03 2.5026E-08 1.5989E-08 1.2047E-09 9.8297E-10
 2.8184E+03 1.7366E-08 1.0989E-08 7.8180E-10 6.5310E-10
 3.1623E+03 1.2005E-08 7.5002E-09 5.3910E-10 4.3007E-10
 3.5481E+03 8.2256E-09 5.1491E-09 3.7154E-10 2.8850E-10
 3.9811E+03 5.6742E-09 3.5447E-09 2.4316E-10 1.9116E-10
 4.4668E+03 3.9039E-09 2.3943E-09 1.6390E-10 1.2384E-10
 5.0119E+03 2.6632E-09 1.6197E-09 1.1121E-10 7.8305E-11
 5.6234E+03 1.8188E-09 1.0983E-09 7.2949E-11 5.1462E-11
 6.3096E+03 1.2385E-09 7.4616E-10 4.6929E-11 3.3479E-11
 7.0795E+03 8.4094E-10 5.0831E-10 3.0980E-11 2.2364E-11
 7.9433E+03 5.6717E-10 3.4162E-10 2.0277E-11 1.5473E-11
 8.9125E+03 3.8343E-10 2.2760E-10 1.3264E-11 1.0290E-11
 1.0000E+04 2.6025E-10 1.5240E-10 8.7914E-12 6.3973E-12
