 1.0000E-01 3.9715E+03 4.0036E+03 1.8943E+03 1.9490E+03
 1.1220E-01 3.6385E+03 3.6588E+03 1.7259E+03 1.7662E+03
 1.2589E-01 3.3070E+03 3.3170E+03 1.5580E+03 1.5802E+03
 1.4125E-01 2.9788E+03 2.9844E+03 1.3910E+03 1.4003E+03
 1.5849E-01 2.6556E+03 2.6534E+03 1.2323E+03 1.2296E+03
 1.7783E-01 2.3434E+03 2.3331E+03 1.0814E+03 1.0693E+03
 1.9953E-01 2.0427E+03 2.0301E+03 9.3713E+02 9.2148E+02
 2.2387E-01 1.7610E+03 1.7453E+03 8.0720E+02 7.8510E+02
 2.5119E-01 1.5037E+03 1.4829E+03 6.8784E+02 6.6186E+02
 2.8184E-01 1.2700E+03 1.2497E+03 5.7834E+02 5.5225E+02
 3.1623E-01 1.0627E+03 1.0443E+03 4.8289E+02 4.5625E+02
 3.5481E-01 8.8137E+02 8.6443E+02 3.9978E+02 3.7384E+02
 3.9811E-01 7.2429E+02 7.0873E+02 3.2675E+02 3.0290E+02
 4.4668E-01 5.9221E+02 5.7599E+02 2.6494E+02 2.4345E+02
 5.0119E-01 4.8048E+02 4.6461E+02 2.1278E+02 1.9398E+02
 5.6234E-01 3.8570E+02 3.7208E+02 1.6956E+02 1.5292E+02
 6.3096E-01 3.0761E+02 2.9522E+02 1.3409E+02 1.1953E+02
 7.0795E-01 2.4369E+02 2.3193E+02 1.0500E+02 9.2850E+01
 7.9433E-01 1.9160E+02 1.8114E+02 8.1746E+01 7.1389E+01
 8.9125E-01 1.4966E+02 1.4071E+02 6.3029E+01 5.4349E+01
 1.0000E+00 1.1676E+02 1.0894E+02 4.8070E+01 4.1170E+01
 1.1220E+00 9.0200E+01 8.3288E+01 3.6402E+01 3.0811E+01
 1.2589E+00 6.9317E+01 6.3306E+01 2.7311E+01 2.2896E+01
 1.4125E+00 5.2906E+01 4.7866E+01 2.0314E+01 1.6914E+01
 1.5849E+00 4.0124E+01 3.5851E+01 1.5003E+01 1.2323E+01
 1.7783E+00 3.0183E+01 2.6668E+01 1.0992E+01 8.8859E+00
 1.9953E+00 2.2543E+01 1.9720E+01 7.9744E+00 6.3828E+00
 2.2387E+00 1.6768E+01 1.4468E+01 5.7146E+00 4.5595E+00
 2.5119E+00 1.2400E+01 1.0572E+01 4.0588E+00 3.2206E+00
 2.8184E+00 9.1072E+00 7.6982E+00 2.8690E+00 2.2520E+00
 3.1623E+00 6.7059E+00 5.5658E+00 2.0209E+00 1.5716E+00
 3.5481E+00 4.9001E+00 4.0121E+00 1.4050E+00 1.0852E+00
 3.9811E+00 3.5631E+00 2.8819E+00 9.7042E-01 7.4630E-01
 4.4668E+00 2.5823E+00 2.0697E+00 6.6685E-01 5.1030E-01
 5.0119E+00 1.8673E+00 1.4845E+00 4.5626E-01 3.4730E-01
 5.6234E+00 1.3459E+00 1.0604E+00 3.0967E-01 2.3683E-01
 6.3096E+00 9.6918E-01 7.5528E-01 2.1010E-01 1.5905E-01
 7.0795E+00 6.9448E-01 5.3642E-01 1.4213E-01 1.0657E-01
 7.9433E+00 4.9678E-01 3.8152E-01 9.5266E-02 7.2144E-02
 8.9125E+00 3.5691E-01 2.7108E-01 6.3822E-02 4.8247E-02
 1.0000E+01 2.5333E-01 1.9159E-01 4.2502E-02 3.2355E-02
 1.1220E+01 1.8062E-01 1.3572E-01 2.8357E-02 2.1617E-02
 1.2589E+01 1.2865E-01 9.6104E-02 1.8861E-02 1.4435E-02
 1.4125E+01 9.1532E-02 6.7974E-02 1.2516E-02 9.6463E-03
 1.5849E+01 6.5073E-02 4.8071E-02 8.3238E-03 6.4386E-03
 1.7783E+01 4.6299E-02 3.4052E-02 5.5395E-03 4.2952E-03
 1.9953E+01 3.2932E-02 2.4091E-02 3.6885E-03 2.8765E-03
 2.2387E+01 2.3360E-02 1.7033E-02 2.4661E-03 1.9326E-03
 2.5119E+01 1.6522E-02 1.1996E-02 1.6432E-03 1.2770E-03
 2.8184E+01 1.1677E-02 8.4786E-03 1.0902E-03 8.5379E-04
 3.1623E+01 8.4049E-03 6.0518E-03 7.4009E-04 5.8685E-04
 3.5481E+01 5.9393E-03 4.2559E-03 4.9564E-04 3.9593E-04
 3.9811E+01 4.1922E-03 2.9892E-03 3.3174E-04 2.6562E-04
 4.4668E+01 2.9541E-03 2.0980E-03 2.2176E-04 1.7864E-04
 5.0119E+01 2.0490E-03 1.4470E-03 1.4534E-04 1.1742E-04
 5.6234E+01 1.4401E-03 1.0138E-03 9.8132E-05 7.9148E-05
 6.3096E+01 1.0109E-03 7.1040E-04 6.6496E-05 5.3823E-05
 7.0795E+01 7.0977E-04 4.9674E-04 4.4778E-05 3.6385E-05
 7.9433E+01 4.9802E-04 3.4583E-04 2.9965E-05 2.4588E-05
 8.9125E+01 3.4949E-04 2.4116E-04 2.0184E-05 1.6700E-05
 1.0000E+02 2.4461E-04 1.6794E-04 1.3765E-05 1.1305E-05
 1.1220E+02 1.7097E-04 1.1671E-04 9.3869E-06 7.6824E-06
 1.2589E+02 1.1948E-04 8.1039E-05 6.3371E-06 5.2268E-06
 1.4125E+02 8.3390E-05 5.6164E-05 4.2974E-06 3.5216E-06
 1.5849E+02 5.8212E-05 3.8921E-05 2.9382E-06 2.3802E-06
 1.7783E+02 4.0608E-05 2.6977E-05 1.9784E-06 1.6103E-06
 1.9953E+02 2.8271E-05 1.8724E-05 1.3323E-06 1.0929E-06
 2.2387E+02 1.9664E-05 1.2957E-05 9.0733E-07 7.4621E-07
 2.5119E+02 1.3660E-05 8.9498E-06 6.1086E-07 4.9933E-07
 2.8184E+02 9.4815E-06 6.1752E-06 4.1300E-07 3.3441E-07
 3.1623E+02 6.5738E-06 4.2476E-06 2.8187E-07 2.2691E-07
 3.5481E+02 4.5475E-06 2.9211E-06 1.9233E-07 1.5340E-07
 3.9811E+02 3.1443E-06 2.0078E-06 1.3000E-07 1.0333E-07
 4.4668E+02 2.1707E-06 1.3764E-06 8.7698E-08 6.9292E-08
 5.0119E+02 1.4953E-06 9.4220E-07 5.8971E-08 4.6684E-08
 5.6234E+02 1.0278E-06 6.4678E-07 3.9557E-08 3.1603E-08
 6.3096E+02 7.0617E-07 4.4149E-07 2.6767E-08 2.1101E-08
 7.0795E+02 4.8432E-07 2.9970E-07 1.7964E-08 1.4031E-08
 7.9433E+02 3.2975E-07 2.0489E-07 1.1901E-08 9.2037E-09
 8.9125E+02 2.2519E-07 1.3902E-07 7.9182E-09 6.1131E-09
 1.0000E+03 1.5366E-07 9.3835E-08 5.3374E-09 4.0891E-09
 1.1220E+03 1.0413E-07 6.3551E-08 3.5753E-09 2.7069E-09
 1.2589E+03 7.0583E-08 4.2786E-08 2.3571E-09 1.7945E-09
 1.4125E+03 4.7536E-08 2.8735E-08 1.5531E-09 1.1875E-09
 1.5849E+03 3.1973E-08 1.9292E-08 1.0426E-09 8.0234E-10
 1.7783E+03 2.1492E-08 1.2906E-08 6.8196E-10 5.2671E-10
 1.9953E+03 1.4439E-08 8.6236E-09 4.4872E-10 3.4467E-10
 2.2387E+03 9.6405E-09 5.7245E-09 3.0371E-10 2.2789E-10
 2.5119E+03 6.4100E-09 3.8094E-09 1.9738E-10 1.5021E-10
 2.8184E+03 4.2856E-09 2.5126E-09 1.3189E-10 9.7943E-11
 3.1623E+03 2.8489E-09 1.6660E-09 8.8251E-11 6.4325E-11
 3.5481E+03 1.8893E-09 1.1098E-09 5.6455E-11 4.2301E-11
 3.9811E+03 1.2508E-09 7.3417E-10 3.7449E-11 2.7472E-11
 4.4668E+03 8.2752E-10 4.8466E-10 2.4831E-11 1.7702E-11
 5.0119E+03 5.4777E-10 3.1692E-10 1.6601E-11 1.2316E-11
 5.6234E+03 3.5996E-10 2.0689E-10 1.1054E-11 8.1970E-12
 6.3096E+03 2.3872E-10 1.3616E-10 6.9909E-12 4.9613E-12
 7.0795E+03 1.5804E-10 8.9485E-11 4.5610E-12 3.0194E-12
 7.9433E+03 1.0305E-10 5.9307E-11 3.0809E-12 2.1009E-12
 8.9125E+03 6.7197E-11 3.9184E-11 1.9933E-12 1.5436E-12
 1.0000E+04 4.4628E-11 2.5404E-11 1.2807E-12 9.8697E-13 1.0000E-01 3.9715E+03 4.0036E+03 1.8943E+03 1.9490E+03
 1.1220E-01 3.6385E+03 3.6588E+03 1.7259E+03 1.7662E+03
 1.2589E-01 3.3070E+03 3.3170E+03 1.5580E+03 1.5802E+03
 1.4125E-01 2.9788E+03 2.9844E+03 1.3910E+03 1.4003E+03
 1.5849E-01 2.6556E+03 2.6534E+03 1.2323E+03 1.2296E+03
 1.7783E-01 2.3434E+03 2.3331E+03 1.0814E+03 1.0693E+03
 1.9953E-01 2.0427E+03 2.0301E+03 9.3713E+02 9.2148E+02
 2.2387E-01 1.7610E+03 1.7453E+03 8.0720E+02 7.8510E+02
 2.5119E-01 1.5037E+03 1.4829E+03 6.8784E+02 6.6186E+02
 2.8184E-01 1.2700E+03 1.2497E+03 5.7834E+02 5.5225E+02
 3.1623E-01 1.0627E+03 1.0443E+03 4.8289E+02 4.5625E+02
 3.5481E-01 8.8137E+02 8.6443E+02 3.9978E+02 3.7384E+02
 3.9811E-01 7.2429E+02 7.0873E+02 3.2675E+02 3.0290E+02
 4.4668E-01 5.9221E+02 5.7599E+02 2.6494E+02 2.4345E+02
 5.0119E-01 4.8048E+02 4.6461E+02 2.1278E+02 1.9398E+02
 5.6234E-01 3.8570E+02 3.7208E+02 1.6956E+02 1.5292E+02
 6.3096E-01 3.0761E+02 2.9522E+02 1.3409E+02 1.1953E+02
 7.0795E-01 2.4369E+02 2.3193E+02 1.0500E+02 9.2850E+01
 7.9433E-01 1.9160E+02 1.8114E+02 8.1746E+01 7.1389E+01
 8.9125E-01 1.4966E+02 1.4071E+02 6.3029E+01 5.4349E+01
 1.0000E+00 1.1676E+02 1.0894E+02 4.8070E+01 4.1170E+01
 1.1220E+00 9.0200E+01 8.3288E+01 3.6402E+01 3.0811E+01
 1.2589E+00 6.9317E+01 6.3306E+01 2.7311E+01 2.2896E+01
 1.4125E+00 5.2906E+01 4.7866E+01 2.0314E+01 1.6914E+01
 1.5849E+00 4.0124E+01 3.5851E+01 1.5003E+01 1.2323E+01
 1.7783E+00 3.0183E+01 2.6668E+01 1.0992E+01 8.8859E+00
 1.9953E+00 2.2543E+01 1.9720E+01 7.9744E+00 6.3828E+00
 2.2387E+00 1.6768E+01 1.4468E+01 5.7146E+00 4.5595E+00
 2.5119E+00 1.2400E+01 1.0572E+01 4.0588E+00 3.2206E+00
 2.8184E+00 9.1072E+00 7.6982E+00 2.8690E+00 2.2520E+00
 3.1623E+00 6.7059E+00 5.5658E+00 2.0209E+00 1.5716E+00
 3.5481E+00 4.9001E+00 4.0121E+00 1.4050E+00 1.0852E+00
 3.9811E+00 3.5631E+00 2.8819E+00 9.7042E-01 7.4630E-01
 4.4668E+00 2.5823E+00 2.0697E+00 6.6685E-01 5.1030E-01
 5.0119E+00 1.8673E+00 1.4845E+00 4.5626E-01 3.4730E-01
 5.6234E+00 1.3459E+00 1.0604E+00 3.0967E-01 2.3683E-01
 6.3096E+00 9.6918E-01 7.5528E-01 2.1010E-01 1.5905E-01
 7.0795E+00 6.9448E-01 5.3642E-01 1.4213E-01 1.0657E-01
 7.9433E+00 4.9678E-01 3.8152E-01 9.5266E-02 7.2144E-02
 8.9125E+00 3.5691E-01 2.7108E-01 6.3822E-02 4.8247E-02
 1.0000E+01 2.5333E-01 1.9159E-01 4.2502E-02 3.2355E-02
 1.1220E+01 1.8062E-01 1.3572E-01 2.8357E-02 2.1617E-02
 1.2589E+01 1.2865E-01 9.6104E-02 1.8861E-02 1.4435E-02
 1.4125E+01 9.1532E-02 6.7974E-02 1.2516E-02 9.6463E-03
 1.5849E+01 6.5073E-02 4.8071E-02 8.3238E-03 6.4386E-03
 1.7783E+01 4.6299E-02 3.4052E-02 5.5395E-03 4.2952E-03
 1.9953E+01 3.2932E-02 2.4091E-02 3.6885E-03 2.8765E-03
 2.2387E+01 2.3360E-02 1.7033E-02 2.4661E-03 1.9326E-03
 2.5119E+01 1.6522E-02 1.1996E-02 1.6432E-03 1.2770E-03
 2.8184E+01 1.1677E-02 8.4786E-03 1.0902E-03 8.5379E-04
 3.1623E+01 8.4049E-03 6.0518E-03 7.4009E-04 5.8685E-04
 3.5481E+01 5.9393E-03 4.2559E-03 4.9564E-04 3.9593E-04
 3.9811E+01 4.1922E-03 2.9892E-03 3.3174E-04 2.6562E-04
 4.4668E+01 2.9541E-03 2.0980E-03 2.2176E-04 1.7864E-04
 5.0119E+01 2.0490E-03 1.4470E-03 1.4534E-04 1.1742E-04
 5.6234E+01 1.4401E-03 1.0138E-03 9.8132E-05 7.9148E-05
 6.3096E+01 1.0109E-03 7.1040E-04 6.6496E-05 5.3823E-05
 7.0795E+01 7.0977E-04 4.9674E-04 4.4778E-05 3.6385E-05
 7.9433E+01 4.9802E-04 3.4583E-04 2.9965E-05 2.4588E-05
 8.9125E+01 3.4949E-04 2.4116E-04 2.0184E-05 1.6700E-05
 1.0000E+02 2.4461E-04 1.6794E-04 1.3765E-05 1.1305E-05
 1.1220E+02 1.7097E-04 1.1671E-04 9.3869E-06 7.6824E-06
 1.2589E+02 1.1948E-04 8.1039E-05 6.3371E-06 5.2268E-06
 1.4125E+02 8.3390E-05 5.6164E-05 4.2974E-06 3.5216E-06
 1.5849E+02 5.8212E-05 3.8921E-05 2.9382E-06 2.3802E-06
 1.7783E+02 4.0608E-05 2.6977E-05 1.9784E-06 1.6103E-06
 1.9953E+02 2.8271E-05 1.8724E-05 1.3323E-06 1.0929E-06
 2.2387E+02 1.9664E-05 1.2957E-05 9.0733E-07 7.4621E-07
 2.5119E+02 1.3660E-05 8.9498E-06 6.1086E-07 4.9933E-07
 2.8184E+02 9.4815E-06 6.1752E-06 4.1300E-07 3.3441E-07
 3.1623E+02 6.5738E-06 4.2476E-06 2.8187E-07 2.2691E-07
 3.5481E+02 4.5475E-06 2.9211E-06 1.9233E-07 1.5340E-07
 3.9811E+02 3.1443E-06 2.0078E-06 1.3000E-07 1.0333E-07
 4.4668E+02 2.1707E-06 1.3764E-06 8.7698E-08 6.9292E-08
 5.0119E+02 1.4953E-06 9.4220E-07 5.8971E-08 4.6684E-08
 5.6234E+02 1.0278E-06 6.4678E-07 3.9557E-08 3.1603E-08
 6.3096E+02 7.0617E-07 4.4149E-07 2.6767E-08 2.1101E-08
 7.0795E+02 4.8432E-07 2.9970E-07 1.7964E-08 1.4031E-08
 7.9433E+02 3.2975E-07 2.0489E-07 1.1901E-08 9.2037E-09
 8.9125E+02 2.2519E-07 1.3902E-07 7.9182E-09 6.1131E-09
 1.0000E+03 1.5366E-07 9.3835E-08 5.3374E-09 4.0891E-09
 1.1220E+03 1.0413E-07 6.3551E-08 3.5753E-09 2.7069E-09
 1.2589E+03 7.0583E-08 4.2786E-08 2.3571E-09 1.7945E-09
 1.4125E+03 4.7536E-08 2.8735E-08 1.5531E-09 1.1875E-09
 1.5849E+03 3.1973E-08 1.9292E-08 1.0426E-09 8.0234E-10
 1.7783E+03 2.1492E-08 1.2906E-08 6.8196E-10 5.2671E-10
 1.9953E+03 1.4439E-08 8.6236E-09 4.4872E-10 3.4467E-10
 2.2387E+03 9.6405E-09 5.7245E-09 3.0371E-10 2.2789E-10
 2.5119E+03 6.4100E-09 3.8094E-09 1.9738E-10 1.5021E-10
 2.8184E+03 4.2856E-09 2.5126E-09 1.3189E-10 9.7943E-11
 3.1623E+03 2.8489E-09 1.6660E-09 8.8251E-11 6.4325E-11
 3.5481E+03 1.8893E-09 1.1098E-09 5.6455E-11 4.2301E-11
 3.9811E+03 1.2508E-09 7.3417E-10 3.7449E-11 2.7472E-11
 4.4668E+03 8.2752E-10 4.8466E-10 2.4831E-11 1.7702E-11
 5.0119E+03 5.4777E-10 3.1692E-10 1.6601E-11 1.2316E-11
 5.6234E+03 3.5996E-10 2.0689E-10 1.1054E-11 8.1970E-12
 6.3096E+03 2.3872E-10 1.3616E-10 6.9909E-12 4.9613E-12
 7.0795E+03 1.5804E-10 8.9485E-11 4.5610E-12 3.0194E-12
 7.9433E+03 1.0305E-10 5.9307E-11 3.0809E-12 2.1009E-12
 8.9125E+03 6.7197E-11 3.9184E-11 1.9933E-12 1.5436E-12
 1.0000E+04 4.4628E-11 2.5404E-11 1.2807E-12 9.8697E-13
