 1.0000E-01 6.6646E+03 6.7385E+03 3.2323E+03 3.1335E+03
 1.1220E-01 5.8671E+03 5.9045E+03 2.8599E+03 2.7586E+03
 1.2589E-01 5.1322E+03 5.1688E+03 2.5127E+03 2.4043E+03
 1.4125E-01 4.4688E+03 4.4847E+03 2.1890E+03 2.0747E+03
 1.5849E-01 3.8554E+03 3.8562E+03 1.8884E+03 1.7719E+03
 1.7783E-01 3.2897E+03 3.2857E+03 1.6188E+03 1.5050E+03
 1.9953E-01 2.7804E+03 2.7692E+03 1.3796E+03 1.2704E+03
 2.2387E-01 2.3243E+03 2.3148E+03 1.1654E+03 1.0637E+03
 2.5119E-01 1.9279E+03 1.9196E+03 9.7564E+02 8.8291E+02
 2.8184E-01 1.5889E+03 1.5782E+03 8.1026E+02 7.2813E+02
 3.1623E-01 1.3002E+03 1.2895E+03 6.6679E+02 5.9680E+02
 3.5481E-01 1.0569E+03 1.0464E+03 5.4566E+02 4.8385E+02
 3.9811E-01 8.5286E+02 8.4360E+02 4.4299E+02 3.8980E+02
 4.4668E-01 6.8457E+02 6.7661E+02 3.5701E+02 3.1279E+02
 5.0119E-01 5.4588E+02 5.3882E+02 2.8588E+02 2.4952E+02
 5.6234E-01 4.3330E+02 4.2619E+02 2.2723E+02 1.9729E+02
 6.3096E-01 3.4335E+02 3.3519E+02 1.7927E+02 1.5469E+02
 7.0795E-01 2.7077E+02 2.6267E+02 1.4071E+02 1.2041E+02
 7.9433E-01 2.1132E+02 2.0441E+02 1.0970E+02 9.3637E+01
 8.9125E-01 1.6389E+02 1.5844E+02 8.5067E+01 7.2185E+01
 1.0000E+00 1.2792E+02 1.2299E+02 6.5777E+01 5.5460E+01
 1.1220E+00 9.8695E+01 9.4544E+01 5.0334E+01 4.2240E+01
 1.2589E+00 7.5904E+01 7.2379E+01 3.8385E+01 3.1996E+01
 1.4125E+00 5.8194E+01 5.5006E+01 2.9021E+01 2.4029E+01
 1.5849E+00 4.4345E+01 4.1605E+01 2.1830E+01 1.7869E+01
 1.7783E+00 3.3581E+01 3.1278E+01 1.6335E+01 1.3267E+01
 1.9953E+00 2.5287E+01 2.3420E+01 1.2142E+01 9.7759E+00
 2.2387E+00 1.8942E+01 1.7426E+01 8.9223E+00 7.1477E+00
 2.5119E+00 1.4118E+01 1.2867E+01 6.4849E+00 5.2181E+00
 2.8184E+00 1.0431E+01 9.4682E+00 4.7115E+00 3.7433E+00
 3.1623E+00 7.7278E+00 6.9297E+00 3.3950E+00 2.6658E+00
 3.5481E+00 5.6801E+00 5.0425E+00 2.4302E+00 1.8915E+00
 3.9811E+00 4.1546E+00 3.6620E+00 1.7248E+00 1.3369E+00
 4.4668E+00 3.0306E+00 2.6535E+00 1.2142E+00 9.3784E-01
 5.0119E+00 2.2005E+00 1.9126E+00 8.5292E-01 6.5552E-01
 5.6234E+00 1.5948E+00 1.3723E+00 5.9498E-01 4.5568E-01
 6.3096E+00 1.1501E+00 9.7994E-01 4.1198E-01 3.1444E-01
 7.0795E+00 8.2935E-01 7.0189E-01 2.8505E-01 2.1563E-01
 7.9433E+00 5.9611E-01 5.0191E-01 1.9576E-01 1.4671E-01
 8.9125E+00 4.2572E-01 3.5612E-01 1.3293E-01 9.9855E-02
 1.0000E+01 3.0438E-01 2.5144E-01 9.0481E-02 6.8078E-02
 1.1220E+01 2.1751E-01 1.7848E-01 6.1218E-02 4.6004E-02
 1.2589E+01 1.5532E-01 1.2646E-01 4.1282E-02 3.1091E-02
 1.4125E+01 1.1083E-01 8.9352E-02 2.7804E-02 2.0951E-02
 1.5849E+01 7.9081E-02 6.3268E-02 1.8642E-02 1.4081E-02
 1.7783E+01 5.6396E-02 4.4816E-02 1.2441E-02 9.4284E-03
 1.9953E+01 4.0188E-02 3.1711E-02 8.3168E-03 6.3336E-03
 2.2387E+01 2.8632E-02 2.2387E-02 5.5521E-03 4.2543E-03
 2.5119E+01 2.0395E-02 1.5846E-02 3.6838E-03 2.8534E-03
 2.8184E+01 1.4507E-02 1.1260E-02 2.4633E-03 1.9122E-03
 3.1623E+01 1.0468E-02 8.0443E-03 1.6588E-03 1.2824E-03
 3.5481E+01 7.4357E-03 5.6778E-03 1.1029E-03 8.5647E-04
 3.9811E+01 5.2822E-03 4.0092E-03 7.3216E-04 5.7159E-04
 4.4668E+01 3.7515E-03 2.8293E-03 4.8800E-04 3.8045E-04
 5.0119E+01 2.6166E-03 1.9585E-03 3.1570E-04 2.4909E-04
 5.6234E+01 1.8528E-03 1.3782E-03 2.0981E-04 1.6559E-04
 6.3096E+01 1.3115E-03 9.7084E-04 1.3925E-04 1.1067E-04
 7.0795E+01 9.2616E-04 6.8161E-04 9.2435E-05 7.4023E-05
 7.9433E+01 6.5309E-04 4.7766E-04 6.1621E-05 4.9354E-05
 8.9125E+01 4.6076E-04 3.3426E-04 4.0995E-05 3.3024E-05
 1.0000E+02 3.2456E-04 2.3398E-04 2.7352E-05 2.2073E-05
 1.1220E+02 2.2821E-04 1.6382E-04 1.8211E-05 1.4689E-05
 1.2589E+02 1.6041E-04 1.1429E-04 1.2106E-05 9.8632E-06
 1.4125E+02 1.1273E-04 7.9682E-05 8.0856E-06 6.5864E-06
 1.5849E+02 7.9064E-05 5.5482E-05 5.4133E-06 4.4177E-06
 1.7783E+02 5.5344E-05 3.8577E-05 3.6346E-06 2.9661E-06
 1.9953E+02 3.8710E-05 2.6827E-05 2.4486E-06 1.9754E-06
 2.2387E+02 2.7056E-05 1.8680E-05 1.6519E-06 1.3286E-06
 2.5119E+02 1.8934E-05 1.2983E-05 1.1049E-06 9.0022E-07
 2.8184E+02 1.3235E-05 8.9892E-06 7.3244E-07 5.9895E-07
 3.1623E+02 9.2281E-06 6.2200E-06 4.9352E-07 4.0235E-07
 3.5481E+02 6.4319E-06 4.3055E-06 3.3619E-07 2.7259E-07
 3.9811E+02 4.4791E-06 2.9743E-06 2.2769E-07 1.8302E-07
 4.4668E+02 3.1217E-06 2.0563E-06 1.5299E-07 1.2431E-07
 5.0119E+02 2.1710E-06 1.4203E-06 1.0331E-07 8.3221E-08
 5.6234E+02 1.5061E-06 9.7954E-07 6.9843E-08 5.6057E-08
 6.3096E+02 1.0452E-06 6.7467E-07 4.6675E-08 3.7539E-08
 7.0795E+02 7.2329E-07 4.6409E-07 3.1460E-08 2.5207E-08
 7.9433E+02 5.0172E-07 3.1798E-07 2.1212E-08 1.6824E-08
 8.9125E+02 3.4641E-07 2.1799E-07 1.4229E-08 1.0984E-08
 1.0000E+03 2.3827E-07 1.4994E-07 9.6266E-09 7.3851E-09
 1.1220E+03 1.6401E-07 1.0263E-07 6.4777E-09 5.0366E-09
 1.2589E+03 1.1244E-07 6.9984E-08 4.3263E-09 3.3991E-09
 1.4125E+03 7.6946E-08 4.7792E-08 2.8805E-09 2.2622E-09
 1.5849E+03 5.2532E-08 3.2392E-08 1.9395E-09 1.4903E-09
 1.7783E+03 3.5852E-08 2.1953E-08 1.3048E-09 9.8787E-10
 1.9953E+03 2.4425E-08 1.4875E-08 8.6349E-10 6.6670E-10
 2.2387E+03 1.6533E-08 1.0053E-08 5.6087E-10 4.3624E-10
 2.5119E+03 1.1174E-08 6.7737E-09 3.7714E-10 2.8504E-10
 2.8184E+03 7.5491E-09 4.5374E-09 2.5338E-10 1.8758E-10
 3.1623E+03 5.0933E-09 3.0387E-09 1.6588E-10 1.2430E-10
 3.5481E+03 3.4085E-09 2.0299E-09 1.0793E-10 8.5708E-11
 3.9811E+03 2.2771E-09 1.3621E-09 7.2139E-11 5.5861E-11
 4.4668E+03 1.5322E-09 9.0879E-10 4.7617E-11 3.5505E-11
 5.0119E+03 1.0277E-09 6.0045E-10 3.2207E-11 2.3661E-11
 5.6234E+03 6.8497E-10 3.9932E-10 2.2602E-11 1.5224E-11
 6.3096E+03 4.5452E-10 2.6527E-10 1.4458E-11 9.8780E-12
 7.0795E+03 3.0398E-10 1.7705E-10 9.4416E-12 6.8171E-12
 7.9433E+03 2.0277E-10 1.1907E-10 6.2301E-12 4.5339E-12
 8.9125E+03 1.3331E-10 7.8505E-11 4.2903E-12 2.9111E-12
 1.0000E+04 8.7286E-11 5.0924E-11 2.8110E-12 1.8654E-12
