 1.0000E-01 9.0103E+03 9.2264E+03 4.2609E+03 4.2760E+03
 1.1220E-01 7.7272E+03 7.8939E+03 3.7093E+03 3.6798E+03
 1.2589E-01 6.6056E+03 6.7368E+03 3.1908E+03 3.1375E+03
 1.4125E-01 5.6086E+03 5.7173E+03 2.7244E+03 2.6482E+03
 1.5849E-01 4.7354E+03 4.7956E+03 2.3077E+03 2.2223E+03
 1.7783E-01 3.9568E+03 4.0044E+03 1.9470E+03 1.8500E+03
 1.9953E-01 3.2671E+03 3.3158E+03 1.6352E+03 1.5299E+03
 2.2387E-01 2.6773E+03 2.7142E+03 1.3635E+03 1.2623E+03
 2.5119E-01 2.1840E+03 2.2130E+03 1.1268E+03 1.0307E+03
 2.8184E-01 1.7696E+03 1.7902E+03 9.2236E+02 8.3207E+02
 3.1623E-01 1.4248E+03 1.4364E+03 7.5173E+02 6.6990E+02
 3.5481E-01 1.1405E+03 1.1453E+03 6.1032E+02 5.3633E+02
 3.9811E-01 9.0688E+02 9.1164E+02 4.9332E+02 4.2812E+02
 4.4668E-01 7.2072E+02 7.2581E+02 3.9552E+02 3.4124E+02
 5.0119E-01 5.7238E+02 5.7592E+02 3.1539E+02 2.6986E+02
 5.6234E-01 4.5170E+02 4.5400E+02 2.5228E+02 2.1331E+02
 6.3096E-01 3.5552E+02 3.5637E+02 2.0003E+02 1.6776E+02
 7.0795E-01 2.7913E+02 2.7946E+02 1.5726E+02 1.3100E+02
 7.9433E-01 2.1792E+02 2.1710E+02 1.2309E+02 1.0211E+02
 8.9125E-01 1.7069E+02 1.6913E+02 9.6585E+01 7.9965E+01
 1.0000E+00 1.3324E+02 1.3220E+02 7.6095E+01 6.2233E+01
 1.1220E+00 1.0347E+02 1.0233E+02 5.8879E+01 4.7889E+01
 1.2589E+00 8.0098E+01 7.8765E+01 4.5333E+01 3.6780E+01
 1.4125E+00 6.1901E+01 6.0239E+01 3.4985E+01 2.8212E+01
 1.5849E+00 4.7590E+01 4.6045E+01 2.6910E+01 2.1548E+01
 1.7783E+00 3.6315E+01 3.5094E+01 2.0493E+01 1.6501E+01
 1.9953E+00 2.7595E+01 2.6533E+01 1.5451E+01 1.2489E+01
 2.2387E+00 2.0857E+01 2.0020E+01 1.1659E+01 9.2689E+00
 2.5119E+00 1.5741E+01 1.5072E+01 8.7799E+00 6.9340E+00
 2.8184E+00 1.1896E+01 1.1257E+01 6.5365E+00 5.1807E+00
 3.1623E+00 8.8512E+00 8.3941E+00 4.8780E+00 3.8467E+00
 3.5481E+00 6.5794E+00 6.2160E+00 3.5989E+00 2.8096E+00
 3.9811E+00 4.8784E+00 4.5701E+00 2.6416E+00 2.0506E+00
 4.4668E+00 3.6008E+00 3.3594E+00 1.9312E+00 1.4873E+00
 5.0119E+00 2.6418E+00 2.4741E+00 1.4051E+00 1.0764E+00
 5.6234E+00 1.9407E+00 1.8040E+00 1.0134E+00 7.7314E-01
 6.3096E+00 1.4087E+00 1.3024E+00 7.2086E-01 5.5228E-01
 7.0795E+00 1.0164E+00 9.4621E-01 5.1580E-01 3.9243E-01
 7.9433E+00 7.3506E-01 6.8534E-01 3.6758E-01 2.7807E-01
 8.9125E+00 5.3142E-01 4.9365E-01 2.5887E-01 1.9493E-01
 1.0000E+01 3.8162E-01 3.4816E-01 1.8074E-01 1.3617E-01
 1.1220E+01 2.7421E-01 2.4908E-01 1.2631E-01 9.4929E-02
 1.2589E+01 1.9664E-01 1.7750E-01 8.7892E-02 6.5908E-02
 1.4125E+01 1.4069E-01 1.2637E-01 6.0766E-02 4.5665E-02
 1.5849E+01 1.0079E-01 8.9907E-02 4.1789E-02 3.1539E-02
 1.7783E+01 7.2217E-02 6.3956E-02 2.8734E-02 2.1676E-02
 1.9953E+01 5.1618E-02 4.5492E-02 1.9741E-02 1.4912E-02
 2.2387E+01 3.6925E-02 3.2183E-02 1.3478E-02 1.0246E-02
 2.5119E+01 2.6437E-02 2.2772E-02 9.2128E-03 6.9914E-03
 2.8184E+01 1.8880E-02 1.6133E-02 6.2592E-03 4.7523E-03
 3.1623E+01 1.3589E-02 1.1551E-02 4.2860E-03 3.2616E-03
 3.5481E+01 9.7070E-03 8.1954E-03 2.9003E-03 2.2133E-03
 3.9811E+01 6.9214E-03 5.7936E-03 1.9541E-03 1.5049E-03
 4.4668E+01 4.9311E-03 4.0935E-03 1.3128E-03 1.0076E-03
 5.0119E+01 3.4741E-03 2.8550E-03 8.6415E-04 6.6844E-04
 5.6234E+01 2.4716E-03 2.0182E-03 5.7810E-04 4.4838E-04
 6.3096E+01 1.7594E-03 1.4235E-03 3.8697E-04 3.0107E-04
 7.0795E+01 1.2539E-03 1.0035E-03 2.5872E-04 2.0194E-04
 7.9433E+01 8.9145E-04 7.0872E-04 1.7201E-04 1.3439E-04
 8.9125E+01 6.3250E-04 5.0036E-04 1.1414E-04 8.9662E-05
 1.0000E+02 4.4912E-04 3.5224E-04 7.5726E-05 5.9713E-05
 1.1220E+02 3.1904E-04 2.4720E-04 5.0231E-05 3.9621E-05
 1.2589E+02 2.2593E-04 1.7353E-04 3.3218E-05 2.6323E-05
 1.4125E+02 1.5961E-04 1.2194E-04 2.1994E-05 1.7450E-05
 1.5849E+02 1.1288E-04 8.5533E-05 1.4607E-05 1.1618E-05
 1.7783E+02 7.9756E-05 5.9880E-05 9.6807E-06 7.7046E-06
 1.9953E+02 5.6231E-05 4.1920E-05 6.3873E-06 5.0898E-06
 2.2387E+02 3.9617E-05 2.9216E-05 4.2128E-06 3.3803E-06
 2.5119E+02 2.7859E-05 2.0374E-05 2.7974E-06 2.2501E-06
 2.8184E+02 1.9559E-05 1.4229E-05 1.8670E-06 1.4836E-06
 3.1623E+02 1.3734E-05 9.9268E-06 1.2296E-06 9.7912E-07
 3.5481E+02 9.6454E-06 6.9167E-06 8.0983E-07 6.4994E-07
 3.9811E+02 6.7576E-06 4.8014E-06 5.3962E-07 4.3046E-07
 4.4668E+02 4.7290E-06 3.3300E-06 3.5716E-07 2.8527E-07
 5.0119E+02 3.3082E-06 2.3067E-06 2.3624E-07 1.8989E-07
 5.6234E+02 2.3115E-06 1.6020E-06 1.5650E-07 1.2751E-07
 6.3096E+02 1.6178E-06 1.1122E-06 1.0358E-07 8.5422E-08
 7.0795E+02 1.1269E-06 7.6867E-07 6.9186E-08 5.6556E-08
 7.9433E+02 7.8478E-07 5.3198E-07 4.6406E-08 3.7604E-08
 8.9125E+02 5.4672E-07 3.6776E-07 3.0674E-08 2.5263E-08
 1.0000E+03 3.8027E-07 2.5383E-07 2.0479E-08 1.6829E-08
 1.1220E+03 2.6469E-07 1.7491E-07 1.3793E-08 1.1116E-08
 1.2589E+03 1.8429E-07 1.2059E-07 9.2833E-09 7.4494E-09
 1.4125E+03 1.2768E-07 8.3158E-08 6.2166E-09 4.9389E-09
 1.5849E+03 8.8411E-08 5.7284E-08 4.1504E-09 3.2823E-09
 1.7783E+03 6.1277E-08 3.9168E-08 2.7785E-09 2.1894E-09
 1.9953E+03 4.2306E-08 2.6855E-08 1.8561E-09 1.4758E-09
 2.2387E+03 2.9077E-08 1.8513E-08 1.2293E-09 9.9486E-10
 2.5119E+03 2.0027E-08 1.2590E-08 8.2694E-10 6.2898E-10
 2.8184E+03 1.3782E-08 8.5707E-09 5.5336E-10 4.2970E-10
 3.1623E+03 9.4852E-09 5.8704E-09 3.6791E-10 2.9028E-10
 3.5481E+03 6.4515E-09 3.9877E-09 2.4556E-10 1.9052E-10
 3.9811E+03 4.3825E-09 2.7038E-09 1.6305E-10 1.3066E-10
 4.4668E+03 3.0090E-09 1.8312E-09 1.1076E-10 8.3130E-11
 5.0119E+03 2.0491E-09 1.2365E-09 7.6850E-11 5.4207E-11
 5.6234E+03 1.3851E-09 8.3225E-10 5.1874E-11 3.5688E-11
 6.3096E+03 9.4687E-10 5.6929E-10 3.2906E-11 2.3212E-11
 7.0795E+03 6.4093E-10 3.8044E-10 2.1551E-11 1.4834E-11
 7.9433E+03 4.2770E-10 2.5394E-10 1.4139E-11 9.8704E-12
 8.9125E+03 2.8919E-10 1.7072E-10 9.7296E-12 6.0428E-12
 1.0000E+04 1.9426E-10 1.1332E-10 6.4125E-12 4.0302E-12
