 1.0000E-01 4.5302E+03 4.6028E+03 2.1719E+03 2.2147E+03
 1.1220E-01 4.0690E+03 4.1216E+03 1.9592E+03 1.9768E+03
 1.2589E-01 3.6348E+03 3.6749E+03 1.7508E+03 1.7510E+03
 1.4125E-01 3.2227E+03 3.2538E+03 1.5533E+03 1.5392E+03
 1.5849E-01 2.8398E+03 2.8607E+03 1.3662E+03 1.3434E+03
 1.7783E-01 2.4797E+03 2.4916E+03 1.1905E+03 1.1601E+03
 1.9953E-01 2.1468E+03 2.1440E+03 1.0329E+03 9.9655E+02
 2.2387E-01 1.8384E+03 1.8287E+03 8.9041E+02 8.5095E+02
 2.5119E-01 1.5563E+03 1.5498E+03 7.5838E+02 7.1876E+02
 2.8184E-01 1.3120E+03 1.3037E+03 6.4064E+02 6.0359E+02
 3.1623E-01 1.0970E+03 1.0861E+03 5.3814E+02 5.0222E+02
 3.5481E-01 9.1006E+02 8.9868E+02 4.4859E+02 4.1362E+02
 3.9811E-01 7.4994E+02 7.4017E+02 3.7050E+02 3.3916E+02
 4.4668E-01 6.1349E+02 6.0394E+02 3.0390E+02 2.7616E+02
 5.0119E-01 4.9910E+02 4.8970E+02 2.4754E+02 2.2251E+02
 5.6234E-01 4.0233E+02 3.9362E+02 1.9921E+02 1.7804E+02
 6.3096E-01 3.2269E+02 3.1356E+02 1.5954E+02 1.4160E+02
 7.0795E-01 2.5695E+02 2.4883E+02 1.2688E+02 1.1156E+02
 7.9433E-01 2.0311E+02 1.9613E+02 9.9724E+01 8.6772E+01
 8.9125E-01 1.5979E+02 1.5320E+02 7.7959E+01 6.7248E+01
 1.0000E+00 1.2515E+02 1.1922E+02 6.0585E+01 5.1896E+01
 1.1220E+00 9.7018E+01 9.2103E+01 4.6613E+01 3.9544E+01
 1.2589E+00 7.4830E+01 7.0603E+01 3.5663E+01 2.9877E+01
 1.4125E+00 5.7414E+01 5.3694E+01 2.7020E+01 2.2423E+01
 1.5849E+00 4.3758E+01 4.0555E+01 2.0248E+01 1.6666E+01
 1.7783E+00 3.3129E+01 3.0402E+01 1.5071E+01 1.2285E+01
 1.9953E+00 2.4880E+01 2.2696E+01 1.1143E+01 9.0307E+00
 2.2387E+00 1.8565E+01 1.6852E+01 8.1437E+00 6.5209E+00
 2.5119E+00 1.3827E+01 1.2412E+01 5.9219E+00 4.6835E+00
 2.8184E+00 1.0218E+01 9.1005E+00 4.2718E+00 3.3669E+00
 3.1623E+00 7.5218E+00 6.6255E+00 3.0417E+00 2.3772E+00
 3.5481E+00 5.5175E+00 4.8118E+00 2.1549E+00 1.6748E+00
 3.9811E+00 4.0206E+00 3.4732E+00 1.5174E+00 1.1745E+00
 4.4668E+00 2.9237E+00 2.5008E+00 1.0612E+00 8.1686E-01
 5.0119E+00 2.1187E+00 1.7919E+00 7.3687E-01 5.6456E-01
 5.6234E+00 1.5290E+00 1.2818E+00 5.0881E-01 3.8745E-01
 6.3096E+00 1.1024E+00 9.1977E-01 3.4978E-01 2.6429E-01
 7.0795E+00 7.9202E-01 6.5484E-01 2.3841E-01 1.7941E-01
 7.9433E+00 5.6557E-01 4.6301E-01 1.6288E-01 1.2241E-01
 8.9125E+00 4.0398E-01 3.2886E-01 1.0989E-01 8.3242E-02
 1.0000E+01 2.8907E-01 2.3258E-01 7.4108E-02 5.5797E-02
 1.1220E+01 2.0649E-01 1.6476E-01 4.9843E-02 3.7523E-02
 1.2589E+01 1.4739E-01 1.1674E-01 3.3383E-02 2.5168E-02
 1.4125E+01 1.0512E-01 8.2655E-02 2.2326E-02 1.6873E-02
 1.5849E+01 7.4899E-02 5.8463E-02 1.4892E-02 1.1294E-02
 1.7783E+01 5.3377E-02 4.1359E-02 9.9045E-03 7.5586E-03
 1.9953E+01 3.8057E-02 2.9314E-02 6.6075E-03 5.0525E-03
 2.2387E+01 2.7106E-02 2.0776E-02 4.4017E-03 3.3797E-03
 2.5119E+01 1.9281E-02 1.4654E-02 2.9152E-03 2.2604E-03
 2.8184E+01 1.3690E-02 1.0356E-02 1.9336E-03 1.5061E-03
 3.1623E+01 9.8686E-03 7.4342E-03 1.3111E-03 1.0213E-03
 3.5481E+01 7.0133E-03 5.2477E-03 8.7230E-04 6.8205E-04
 3.9811E+01 4.9710E-03 3.6936E-03 5.7996E-04 4.5681E-04
 4.4668E+01 3.5202E-03 2.6041E-03 3.8501E-04 3.0582E-04
 5.0119E+01 2.4536E-03 1.8075E-03 2.4972E-04 1.9895E-04
 5.6234E+01 1.7358E-03 1.2699E-03 1.6629E-04 1.3314E-04
 6.3096E+01 1.2258E-03 8.9155E-04 1.1030E-04 8.8766E-05
 7.0795E+01 8.6468E-04 6.2454E-04 7.3480E-05 5.9188E-05
 7.9433E+01 6.0864E-04 4.3812E-04 4.8924E-05 3.9582E-05
 8.9125E+01 4.2934E-04 3.0733E-04 3.2953E-05 2.6543E-05
 1.0000E+02 3.0207E-04 2.1442E-04 2.2183E-05 1.7857E-05
 1.1220E+02 2.1187E-04 1.4951E-04 1.4820E-05 1.2050E-05
 1.2589E+02 1.4872E-04 1.0427E-04 9.9543E-06 8.0836E-06
 1.4125E+02 1.0427E-04 7.2581E-05 6.6976E-06 5.4306E-06
 1.5849E+02 7.2967E-05 5.0585E-05 4.4857E-06 3.6725E-06
 1.7783E+02 5.1021E-05 3.5153E-05 3.0096E-06 2.4597E-06
 1.9953E+02 3.5665E-05 2.4361E-05 2.0430E-06 1.6578E-06
 2.2387E+02 2.4869E-05 1.6899E-05 1.3775E-06 1.1163E-06
 2.5119E+02 1.7346E-05 1.1740E-05 9.2831E-07 7.4846E-07
 2.8184E+02 1.2088E-05 8.1378E-06 6.2382E-07 5.0671E-07
 3.1623E+02 8.4402E-06 5.6230E-06 4.2186E-07 3.4403E-07
 3.5481E+02 5.8928E-06 3.8874E-06 2.8725E-07 2.3275E-07
 3.9811E+02 4.0975E-06 2.6878E-06 1.9312E-07 1.5722E-07
 4.4668E+02 2.8396E-06 1.8558E-06 1.3024E-07 1.0636E-07
 5.0119E+02 1.9706E-06 1.2818E-06 8.8562E-08 7.0965E-08
 5.6234E+02 1.3691E-06 8.8348E-07 5.9981E-08 4.7872E-08
 6.3096E+02 9.4834E-07 6.0828E-07 4.0539E-08 3.1960E-08
 7.0795E+02 6.5641E-07 4.1673E-07 2.7220E-08 2.1251E-08
 7.9433E+02 4.5258E-07 2.8447E-07 1.8141E-08 1.4442E-08
 8.9125E+02 3.1053E-07 1.9450E-07 1.2094E-08 9.6314E-09
 1.0000E+03 2.1302E-07 1.3311E-07 8.1506E-09 6.3879E-09
 1.1220E+03 1.4625E-07 9.0930E-08 5.5155E-09 4.2640E-09
 1.2589E+03 1.0022E-07 6.1652E-08 3.6661E-09 2.8328E-09
 1.4125E+03 6.8348E-08 4.1780E-08 2.4253E-09 1.9029E-09
 1.5849E+03 4.6464E-08 2.8377E-08 1.6309E-09 1.2822E-09
 1.7783E+03 3.1585E-08 1.9208E-08 1.0977E-09 8.4847E-10
 1.9953E+03 2.1392E-08 1.2963E-08 7.4945E-10 5.6504E-10
 2.2387E+03 1.4461E-08 8.7141E-09 5.0691E-10 3.7655E-10
 2.5119E+03 9.7711E-09 5.8275E-09 3.1979E-10 2.4853E-10
 2.8184E+03 6.5230E-09 3.9110E-09 2.0413E-10 1.6675E-10
 3.1623E+03 4.3638E-09 2.6197E-09 1.3806E-10 1.1021E-10
 3.5481E+03 2.9444E-09 1.7357E-09 9.2779E-11 6.9557E-11
 3.9811E+03 1.9627E-09 1.1529E-09 6.2305E-11 4.5484E-11
 4.4668E+03 1.3135E-09 7.7139E-10 4.1956E-11 2.9473E-11
 5.0119E+03 8.8264E-10 5.1097E-10 2.7660E-11 1.9407E-11
 5.6234E+03 5.8370E-10 3.3826E-10 1.8056E-11 1.2990E-11
 6.3096E+03 3.8743E-10 2.2272E-10 1.1554E-11 8.4002E-12
 7.0795E+03 2.5738E-10 1.4659E-10 7.8285E-12 5.6810E-12
 7.9433E+03 1.7015E-10 9.7687E-11 5.0763E-12 3.9361E-12
 8.9125E+03 1.1113E-10 6.4596E-11 3.2085E-12 2.4200E-12
 1.0000E+04 7.3229E-11 4.2284E-11 2.1697E-12 1.4606E-12
