 1.0000E-01 6.9815E+03 7.0645E+03 3.4207E+03 3.2922E+03
 1.1220E-01 6.2363E+03 6.2978E+03 3.0632E+03 2.9257E+03
 1.2589E-01 5.5351E+03 5.5825E+03 2.7148E+03 2.5727E+03
 1.4125E-01 4.8788E+03 4.9097E+03 2.3893E+03 2.2426E+03
 1.5849E-01 4.2550E+03 4.2729E+03 2.0822E+03 1.9363E+03
 1.7783E-01 3.6668E+03 3.6699E+03 1.7976E+03 1.6554E+03
 1.9953E-01 3.1214E+03 3.1169E+03 1.5390E+03 1.4046E+03
 2.2387E-01 2.6288E+03 2.6195E+03 1.3067E+03 1.1790E+03
 2.5119E-01 2.1927E+03 2.1826E+03 1.0965E+03 9.7886E+02
 2.8184E-01 1.8125E+03 1.8009E+03 9.0991E+02 8.0634E+02
 3.1623E-01 1.4843E+03 1.4706E+03 7.4886E+02 6.5799E+02
 3.5481E-01 1.2040E+03 1.1904E+03 6.1046E+02 5.3169E+02
 3.9811E-01 9.6800E+02 9.5542E+02 4.9198E+02 4.2531E+02
 4.4668E-01 7.7352E+02 7.6075E+02 3.9237E+02 3.3760E+02
 5.0119E-01 6.1375E+02 6.0154E+02 3.1091E+02 2.6613E+02
 5.6234E-01 4.8346E+02 4.7117E+02 2.4422E+02 2.0806E+02
 6.3096E-01 3.7796E+02 3.6653E+02 1.9039E+02 1.6103E+02
 7.0795E-01 2.9342E+02 2.8343E+02 1.4749E+02 1.2391E+02
 7.9433E-01 2.2725E+02 2.1844E+02 1.1334E+02 9.4473E+01
 8.9125E-01 1.7477E+02 1.6736E+02 8.6354E+01 7.1304E+01
 1.0000E+00 1.3411E+02 1.2785E+02 6.5454E+01 5.3758E+01
 1.1220E+00 1.0237E+02 9.6921E+01 4.9097E+01 4.0231E+01
 1.2589E+00 7.7796E+01 7.3031E+01 3.6704E+01 2.9826E+01
 1.4125E+00 5.8951E+01 5.4774E+01 2.7195E+01 2.1936E+01
 1.5849E+00 4.4408E+01 4.0932E+01 2.0065E+01 1.6088E+01
 1.7783E+00 3.3342E+01 3.0382E+01 1.4704E+01 1.1683E+01
 1.9953E+00 2.4865E+01 2.2404E+01 1.0693E+01 8.4660E+00
 2.2387E+00 1.8402E+01 1.6489E+01 7.7231E+00 6.1044E+00
 2.5119E+00 1.3583E+01 1.2076E+01 5.5243E+00 4.3511E+00
 2.8184E+00 9.9984E+00 8.7943E+00 3.9295E+00 3.0774E+00
 3.1623E+00 7.3374E+00 6.3696E+00 2.7896E+00 2.1680E+00
 3.5481E+00 5.3638E+00 4.6108E+00 1.9603E+00 1.5178E+00
 3.9811E+00 3.9025E+00 3.3182E+00 1.3699E+00 1.0530E+00
 4.4668E+00 2.8300E+00 2.3809E+00 9.5318E-01 7.2853E-01
 5.0119E+00 2.0451E+00 1.7079E+00 6.5926E-01 5.0277E-01
 5.6234E+00 1.4761E+00 1.2217E+00 4.5479E-01 3.4502E-01
 6.3096E+00 1.0633E+00 8.7242E-01 3.1060E-01 2.3471E-01
 7.0795E+00 7.6525E-01 6.1979E-01 2.1094E-01 1.5997E-01
 7.9433E+00 5.4926E-01 4.4090E-01 1.4374E-01 1.0875E-01
 8.9125E+00 3.9173E-01 3.1258E-01 9.6901E-02 7.3340E-02
 1.0000E+01 2.7890E-01 2.2110E-01 6.4726E-02 4.8942E-02
 1.1220E+01 1.9902E-01 1.5663E-01 4.3496E-02 3.2844E-02
 1.2589E+01 1.4192E-01 1.1081E-01 2.9100E-02 2.2011E-02
 1.4125E+01 1.0118E-01 7.8468E-02 1.9365E-02 1.4733E-02
 1.5849E+01 7.2207E-02 5.5616E-02 1.2916E-02 9.9032E-03
 1.7783E+01 5.1428E-02 3.9306E-02 8.6176E-03 6.6168E-03
 1.9953E+01 3.6540E-02 2.7762E-02 5.7254E-03 4.3899E-03
 2.2387E+01 2.5990E-02 1.9652E-02 3.8100E-03 2.9290E-03
 2.5119E+01 1.8462E-02 1.3894E-02 2.5273E-03 1.9589E-03
 2.8184E+01 1.3104E-02 9.8085E-03 1.6802E-03 1.3131E-03
 3.1623E+01 9.4482E-03 7.0114E-03 1.1341E-03 8.8642E-04
 3.5481E+01 6.6955E-03 4.9460E-03 7.5247E-04 5.9424E-04
 3.9811E+01 4.7368E-03 3.4899E-03 5.0074E-04 3.9421E-04
 4.4668E+01 3.3506E-03 2.4581E-03 3.3449E-04 2.6235E-04
 5.0119E+01 2.3318E-03 1.6998E-03 2.1738E-04 1.7301E-04
 5.6234E+01 1.6458E-03 1.1930E-03 1.4467E-04 1.1573E-04
 6.3096E+01 1.1585E-03 8.3683E-04 9.6059E-05 7.7425E-05
 7.0795E+01 8.1613E-04 5.8541E-04 6.4046E-05 5.1699E-05
 7.9433E+01 5.7524E-04 4.0853E-04 4.3047E-05 3.4649E-05
 8.9125E+01 4.0402E-04 2.8595E-04 2.8766E-05 2.3353E-05
 1.0000E+02 2.8354E-04 1.9964E-04 1.9284E-05 1.5736E-05
 1.1220E+02 1.9889E-04 1.3917E-04 1.3014E-05 1.0595E-05
 1.2589E+02 1.3938E-04 9.7077E-05 8.7597E-06 7.1251E-06
 1.4125E+02 9.7724E-05 6.7436E-05 5.9063E-06 4.8110E-06
 1.5849E+02 6.8313E-05 4.6851E-05 3.9666E-06 3.2447E-06
 1.7783E+02 4.7737E-05 3.2552E-05 2.6710E-06 2.1797E-06
 1.9953E+02 3.3325E-05 2.2539E-05 1.8222E-06 1.4647E-06
 2.2387E+02 2.3232E-05 1.5601E-05 1.2284E-06 9.8852E-07
 2.5119E+02 1.6202E-05 1.0828E-05 8.2193E-07 6.6813E-07
 2.8184E+02 1.1297E-05 7.5050E-06 5.5791E-07 4.4783E-07
 3.1623E+02 7.8591E-06 5.1871E-06 3.7758E-07 3.0284E-07
 3.5481E+02 5.4611E-06 3.5778E-06 2.5426E-07 2.0482E-07
 3.9811E+02 3.7919E-06 2.4667E-06 1.7191E-07 1.3751E-07
 4.4668E+02 2.6267E-06 1.7031E-06 1.1564E-07 9.3410E-08
 5.0119E+02 1.8197E-06 1.1701E-06 7.7927E-08 6.2992E-08
 5.6234E+02 1.2592E-06 8.0112E-07 5.3087E-08 4.1995E-08
 6.3096E+02 8.7024E-07 5.5124E-07 3.5632E-08 2.7947E-08
 7.0795E+02 5.9964E-07 3.7842E-07 2.3830E-08 1.8620E-08
 7.9433E+02 4.1165E-07 2.5745E-07 1.6063E-08 1.2577E-08
 8.9125E+02 2.8246E-07 1.7600E-07 1.0919E-08 8.3753E-09
 1.0000E+03 1.9399E-07 1.2040E-07 7.2955E-09 5.5384E-09
 1.1220E+03 1.3269E-07 8.1825E-08 4.8404E-09 3.6920E-09
 1.2589E+03 9.0493E-08 5.5413E-08 3.2508E-09 2.4658E-09
 1.4125E+03 6.1539E-08 3.7480E-08 2.1623E-09 1.6476E-09
 1.5849E+03 4.1729E-08 2.5418E-08 1.4326E-09 1.1050E-09
 1.7783E+03 2.8265E-08 1.7063E-08 9.3970E-10 7.4481E-10
 1.9953E+03 1.9080E-08 1.1403E-08 6.2280E-10 4.7807E-10
 2.2387E+03 1.2849E-08 7.6913E-09 4.2043E-10 3.1434E-10
 2.5119E+03 8.6167E-09 5.1402E-09 2.8056E-10 2.1370E-10
 2.8184E+03 5.7730E-09 3.4300E-09 1.8568E-10 1.3890E-10
 3.1623E+03 3.8664E-09 2.2912E-09 1.2206E-10 8.8209E-11
 3.5481E+03 2.5824E-09 1.5345E-09 7.8879E-11 5.9094E-11
 3.9811E+03 1.7277E-09 1.0179E-09 5.1784E-11 3.8800E-11
 4.4668E+03 1.1487E-09 6.7087E-10 3.4759E-11 2.5639E-11
 5.0119E+03 7.5588E-10 4.4576E-10 2.3262E-11 1.7485E-11
 5.6234E+03 5.0145E-10 2.9679E-10 1.5771E-11 1.1398E-11
 6.3096E+03 3.3590E-10 1.9646E-10 1.0405E-11 7.2180E-12
 7.0795E+03 2.2364E-10 1.2757E-10 6.4056E-12 4.5957E-12
 7.9433E+03 1.4731E-10 8.2570E-11 4.1329E-12 2.9922E-12
 8.9125E+03 9.6345E-11 5.4717E-11 2.6752E-12 2.1250E-12
 1.0000E+04 6.3282E-11 3.6168E-11 1.7898E-12 1.3853E-12
