 1.0000E-01 6.6039E+03 6.7372E+03 3.1317E+03 3.1692E+03
 1.1220E-01 5.7405E+03 5.8534E+03 2.7568E+03 2.7601E+03
 1.2589E-01 4.9679E+03 5.0607E+03 2.4049E+03 2.3815E+03
 1.4125E-01 4.2963E+03 4.3566E+03 2.0863E+03 2.0366E+03
 1.5849E-01 3.6792E+03 3.7294E+03 1.7924E+03 1.7343E+03
 1.7783E-01 3.1221E+03 3.1597E+03 1.5323E+03 1.4638E+03
 1.9953E-01 2.6287E+03 2.6519E+03 1.3011E+03 1.2293E+03
 2.2387E-01 2.1912E+03 2.2071E+03 1.0975E+03 1.0272E+03
 2.5119E-01 1.8126E+03 1.8238E+03 9.2140E+02 8.4891E+02
 2.8184E-01 1.4899E+03 1.4998E+03 7.6741E+02 6.9911E+02
 3.1623E-01 1.2184E+03 1.2246E+03 6.3287E+02 5.7453E+02
 3.5481E-01 9.9270E+02 9.9729E+02 5.1928E+02 4.6725E+02
 3.9811E-01 8.0543E+02 8.0819E+02 4.2531E+02 3.7547E+02
 4.4668E-01 6.4970E+02 6.4896E+02 3.4525E+02 3.0265E+02
 5.0119E-01 5.2081E+02 5.2004E+02 2.7944E+02 2.4273E+02
 5.6234E-01 4.1736E+02 4.1536E+02 2.2491E+02 1.9366E+02
 6.3096E-01 3.3342E+02 3.3019E+02 1.8037E+02 1.5441E+02
 7.0795E-01 2.6401E+02 2.6122E+02 1.4384E+02 1.2308E+02
 7.9433E-01 2.0799E+02 2.0570E+02 1.1320E+02 9.6686E+01
 8.9125E-01 1.6433E+02 1.6130E+02 8.8735E+01 7.5023E+01
 1.0000E+00 1.2916E+02 1.2623E+02 7.0185E+01 5.9138E+01
 1.1220E+00 1.0067E+02 9.7784E+01 5.4752E+01 4.5996E+01
 1.2589E+00 7.8162E+01 7.5641E+01 4.2426E+01 3.5274E+01
 1.4125E+00 6.0486E+01 5.8309E+01 3.2716E+01 2.6922E+01
 1.5849E+00 4.6424E+01 4.4670E+01 2.5055E+01 2.0531E+01
 1.7783E+00 3.5447E+01 3.3819E+01 1.9006E+01 1.5524E+01
 1.9953E+00 2.6888E+01 2.5495E+01 1.4383E+01 1.1608E+01
 2.2387E+00 2.0353E+01 1.9172E+01 1.0827E+01 8.6687E+00
 2.5119E+00 1.5318E+01 1.4335E+01 8.0625E+00 6.4403E+00
 2.8184E+00 1.1420E+01 1.0662E+01 5.9365E+00 4.7547E+00
 3.1623E+00 8.5028E+00 7.9176E+00 4.3487E+00 3.4630E+00
 3.5481E+00 6.2790E+00 5.8050E+00 3.1731E+00 2.5098E+00
 3.9811E+00 4.6130E+00 4.2576E+00 2.3117E+00 1.8003E+00
 4.4668E+00 3.3785E+00 3.1075E+00 1.6609E+00 1.2840E+00
 5.0119E+00 2.4710E+00 2.2570E+00 1.1865E+00 9.1503E-01
 5.6234E+00 1.7973E+00 1.6351E+00 8.4192E-01 6.4393E-01
 6.3096E+00 1.3002E+00 1.1805E+00 5.9688E-01 4.5330E-01
 7.0795E+00 9.4045E-01 8.4542E-01 4.2203E-01 3.1829E-01
 7.9433E+00 6.7798E-01 6.0387E-01 2.9197E-01 2.2095E-01
 8.9125E+00 4.8983E-01 4.3226E-01 1.9919E-01 1.5140E-01
 1.0000E+01 3.4827E-01 3.0509E-01 1.3930E-01 1.0479E-01
 1.1220E+01 2.4901E-01 2.1694E-01 9.5657E-02 7.1936E-02
 1.2589E+01 1.7788E-01 1.5421E-01 6.5561E-02 4.9239E-02
 1.4125E+01 1.2715E-01 1.0947E-01 4.4772E-02 3.3690E-02
 1.5849E+01 9.0837E-02 7.7431E-02 3.0367E-02 2.2948E-02
 1.7783E+01 6.4925E-02 5.4767E-02 2.0605E-02 1.5556E-02
 1.9953E+01 4.6360E-02 3.8777E-02 1.3921E-02 1.0545E-02
 2.2387E+01 3.3075E-02 2.7453E-02 9.3610E-03 7.1191E-03
 2.5119E+01 2.3640E-02 1.9439E-02 6.3130E-03 4.8032E-03
 2.8184E+01 1.6825E-02 1.3753E-02 4.2416E-03 3.2371E-03
 3.1623E+01 1.2162E-02 9.8632E-03 2.8783E-03 2.2108E-03
 3.5481E+01 8.6743E-03 6.9772E-03 1.9272E-03 1.4772E-03
 3.9811E+01 6.1843E-03 4.9292E-03 1.2863E-03 9.9059E-04
 4.4668E+01 4.3984E-03 3.4795E-03 8.5156E-04 6.6486E-04
 5.0119E+01 3.0818E-03 2.4211E-03 5.5936E-04 4.3473E-04
 5.6234E+01 2.1891E-03 1.7073E-03 3.7210E-04 2.9030E-04
 6.3096E+01 1.5565E-03 1.2038E-03 2.4724E-04 1.9374E-04
 7.0795E+01 1.1061E-03 8.4926E-04 1.6415E-04 1.2902E-04
 7.9433E+01 7.8363E-04 5.9810E-04 1.0871E-04 8.6027E-05
 8.9125E+01 5.5515E-04 4.2102E-04 7.1976E-05 5.7325E-05
 1.0000E+02 3.9307E-04 2.9603E-04 4.7660E-05 3.8044E-05
 1.1220E+02 2.7762E-04 2.0758E-04 3.1571E-05 2.5190E-05
 1.2589E+02 1.9601E-04 1.4549E-04 2.0959E-05 1.6721E-05
 1.4125E+02 1.3829E-04 1.0182E-04 1.3879E-05 1.1124E-05
 1.5849E+02 9.7516E-05 7.1091E-05 9.1994E-06 7.3804E-06
 1.7783E+02 6.8579E-05 4.9657E-05 6.0954E-06 4.9283E-06
 1.9953E+02 4.8199E-05 3.4738E-05 4.0582E-06 3.2911E-06
 2.2387E+02 3.3826E-05 2.4233E-05 2.7211E-06 2.1849E-06
 2.5119E+02 2.3656E-05 1.6845E-05 1.8222E-06 1.4577E-06
 2.8184E+02 1.6619E-05 1.1708E-05 1.2116E-06 9.7244E-07
 3.1623E+02 1.1664E-05 8.1463E-06 8.0046E-07 6.5028E-07
 3.5481E+02 8.1521E-06 5.6626E-06 5.3541E-07 4.3518E-07
 3.9811E+02 5.6909E-06 3.9301E-06 3.6000E-07 2.9085E-07
 4.4668E+02 3.9751E-06 2.7239E-06 2.4004E-07 1.9410E-07
 5.0119E+02 2.7794E-06 1.8900E-06 1.5958E-07 1.3014E-07
 5.6234E+02 1.9375E-06 1.3091E-06 1.0652E-07 8.7281E-08
 6.3096E+02 1.3516E-06 9.0412E-07 7.1436E-08 5.8722E-08
 7.0795E+02 9.4342E-07 6.2364E-07 4.7977E-08 3.9533E-08
 7.9433E+02 6.5568E-07 4.3026E-07 3.2479E-08 2.6837E-08
 8.9125E+02 4.5457E-07 2.9731E-07 2.1948E-08 1.7967E-08
 1.0000E+03 3.1607E-07 2.0514E-07 1.4692E-08 1.1855E-08
 1.1220E+03 2.1954E-07 1.4095E-07 9.9154E-09 7.9392E-09
 1.2589E+03 1.5158E-07 9.6845E-08 6.6517E-09 5.2933E-09
 1.4125E+03 1.0427E-07 6.6388E-08 4.4388E-09 3.4628E-09
 1.5849E+03 7.2017E-08 4.5475E-08 2.9801E-09 2.3126E-09
 1.7783E+03 4.9897E-08 3.1122E-08 2.0459E-09 1.5768E-09
 1.9953E+03 3.4175E-08 2.1236E-08 1.3574E-09 1.0426E-09
 2.2387E+03 2.3354E-08 1.4506E-08 8.8440E-10 6.8648E-10
 2.5119E+03 1.5947E-08 9.8593E-09 6.0121E-10 4.6435E-10
 2.8184E+03 1.0896E-08 6.6778E-09 3.9032E-10 3.1302E-10
 3.1623E+03 7.4317E-09 4.5106E-09 2.5704E-10 2.0222E-10
 3.5481E+03 5.0561E-09 3.0547E-09 1.7659E-10 1.3296E-10
 3.9811E+03 3.4208E-09 2.0661E-09 1.1988E-10 9.0406E-11
 4.4668E+03 2.3035E-09 1.3972E-09 8.0374E-11 6.0146E-11
 5.0119E+03 1.5491E-09 9.3291E-10 5.1584E-11 3.8039E-11
 5.6234E+03 1.0502E-09 6.2032E-10 3.3784E-11 2.1799E-11
 6.3096E+03 7.0931E-10 4.1491E-10 2.3437E-11 1.5448E-11
 7.0795E+03 4.7134E-10 2.7527E-10 1.4867E-11 1.1345E-11
 7.9433E+03 3.1793E-10 1.8565E-10 9.4653E-12 7.3127E-12
 8.9125E+03 2.1534E-10 1.2334E-10 6.7067E-12 4.6478E-12
 1.0000E+04 1.4149E-10 8.1096E-11 4.4613E-12 2.8578E-12
