 1.0000E-01 6.7030E+03 6.7908E+03 3.2913E+03 3.1583E+03
 1.1220E-01 6.0268E+03 6.0937E+03 2.9651E+03 2.8284E+03
 1.2589E-01 5.3872E+03 5.4334E+03 2.6443E+03 2.4993E+03
 1.4125E-01 4.7716E+03 4.8012E+03 2.3316E+03 2.1860E+03
 1.5849E-01 4.1755E+03 4.1959E+03 2.0382E+03 1.8929E+03
 1.7783E-01 3.6153E+03 3.6178E+03 1.7643E+03 1.6203E+03
 1.9953E-01 3.0928E+03 3.0883E+03 1.5115E+03 1.3776E+03
 2.2387E-01 2.6112E+03 2.6052E+03 1.2821E+03 1.1603E+03
 2.5119E-01 2.1826E+03 2.1700E+03 1.0757E+03 9.6396E+02
 2.8184E-01 1.8050E+03 1.7928E+03 8.9401E+02 7.9313E+02
 3.1623E-01 1.4761E+03 1.4661E+03 7.3543E+02 6.4729E+02
 3.5481E-01 1.1984E+03 1.1869E+03 5.9841E+02 5.2259E+02
 3.9811E-01 9.6409E+02 9.5349E+02 4.8142E+02 4.1751E+02
 4.4668E-01 7.6979E+02 7.5917E+02 3.8324E+02 3.2997E+02
 5.0119E-01 6.1013E+02 5.9744E+02 3.0270E+02 2.5829E+02
 5.6234E-01 4.7952E+02 4.6705E+02 2.3731E+02 2.0084E+02
 6.3096E-01 3.7470E+02 3.6289E+02 1.8461E+02 1.5521E+02
 7.0795E-01 2.9126E+02 2.8029E+02 1.4249E+02 1.1885E+02
 7.9433E-01 2.2472E+02 2.1575E+02 1.0871E+02 9.0007E+01
 8.9125E-01 1.7257E+02 1.6506E+02 8.2185E+01 6.7902E+01
 1.0000E+00 1.3278E+02 1.2549E+02 6.2149E+01 5.1120E+01
 1.1220E+00 1.0116E+02 9.4989E+01 4.6442E+01 3.8011E+01
 1.2589E+00 7.6672E+01 7.1447E+01 3.4599E+01 2.8148E+01
 1.4125E+00 5.7982E+01 5.3403E+01 2.5619E+01 2.0624E+01
 1.5849E+00 4.3680E+01 3.9742E+01 1.8753E+01 1.4990E+01
 1.7783E+00 3.2648E+01 2.9498E+01 1.3680E+01 1.0865E+01
 1.9953E+00 2.4325E+01 2.1744E+01 9.9144E+00 7.8269E+00
 2.2387E+00 1.8053E+01 1.5879E+01 7.1242E+00 5.5967E+00
 2.5119E+00 1.3289E+01 1.1585E+01 5.0770E+00 3.9710E+00
 2.8184E+00 9.7482E+00 8.4120E+00 3.5910E+00 2.8071E+00
 3.1623E+00 7.1482E+00 6.1053E+00 2.5350E+00 1.9629E+00
 3.5481E+00 5.2163E+00 4.4068E+00 1.7709E+00 1.3642E+00
 3.9811E+00 3.7911E+00 3.1686E+00 1.2305E+00 9.4522E-01
 4.4668E+00 2.7459E+00 2.2720E+00 8.4993E-01 6.5057E-01
 5.0119E+00 1.9827E+00 1.6299E+00 5.8435E-01 4.4429E-01
 5.6234E+00 1.4288E+00 1.1634E+00 4.0028E-01 3.0426E-01
 6.3096E+00 1.0295E+00 8.2883E-01 2.7290E-01 2.0786E-01
 7.0795E+00 7.3910E-01 5.9027E-01 1.8556E-01 1.4043E-01
 7.9433E+00 5.3094E-01 4.1788E-01 1.2551E-01 9.4638E-02
 8.9125E+00 3.8085E-01 2.9672E-01 8.4318E-02 6.3437E-02
 1.0000E+01 2.6966E-01 2.1002E-01 5.6291E-02 4.2647E-02
 1.1220E+01 1.9222E-01 1.4875E-01 3.7691E-02 2.8614E-02
 1.2589E+01 1.3697E-01 1.0531E-01 2.5125E-02 1.9150E-02
 1.4125E+01 9.7564E-02 7.4511E-02 1.6765E-02 1.2797E-02
 1.5849E+01 6.9512E-02 5.2753E-02 1.1175E-02 8.5361E-03
 1.7783E+01 4.9511E-02 3.7359E-02 7.4230E-03 5.7115E-03
 1.9953E+01 3.5221E-02 2.6403E-02 4.9201E-03 3.8148E-03
 2.2387E+01 2.4988E-02 1.8666E-02 3.2713E-03 2.5346E-03
 2.5119E+01 1.7722E-02 1.3194E-02 2.1783E-03 1.6913E-03
 2.8184E+01 1.2569E-02 9.3012E-03 1.4478E-03 1.1324E-03
 3.1623E+01 9.0524E-03 6.6517E-03 9.7474E-04 7.6963E-04
 3.5481E+01 6.4144E-03 4.6887E-03 6.4910E-04 5.1365E-04
 3.9811E+01 4.5415E-03 3.2994E-03 4.3208E-04 3.4465E-04
 4.4668E+01 3.2090E-03 2.3181E-03 2.8825E-04 2.3112E-04
 5.0119E+01 2.2185E-03 1.6032E-03 1.8733E-04 1.5103E-04
 5.6234E+01 1.5664E-03 1.1219E-03 1.2482E-04 1.0109E-04
 6.3096E+01 1.1046E-03 7.8476E-04 8.4035E-05 6.7786E-05
 7.0795E+01 7.7663E-04 5.4966E-04 5.6424E-05 4.5606E-05
 7.9433E+01 5.4591E-04 3.8484E-04 3.7531E-05 3.0581E-05
 8.9125E+01 3.8213E-04 2.6816E-04 2.5189E-05 2.0672E-05
 1.0000E+02 2.6768E-04 1.8680E-04 1.7068E-05 1.3992E-05
 1.1220E+02 1.8802E-04 1.3020E-04 1.1529E-05 9.4179E-06
 1.2589E+02 1.3191E-04 9.0529E-05 7.7852E-06 6.3607E-06
 1.4125E+02 9.2188E-05 6.2952E-05 5.2393E-06 4.3011E-06
 1.5849E+02 6.4283E-05 4.3762E-05 3.5343E-06 2.8964E-06
 1.7783E+02 4.4900E-05 3.0346E-05 2.3804E-06 1.9532E-06
 1.9953E+02 3.1278E-05 2.0975E-05 1.6014E-06 1.3178E-06
 2.2387E+02 2.1794E-05 1.4524E-05 1.0920E-06 8.9078E-07
 2.5119E+02 1.5220E-05 1.0072E-05 7.5339E-07 5.9764E-07
 2.8184E+02 1.0603E-05 6.9777E-06 5.1712E-07 4.0464E-07
 3.1623E+02 7.3622E-06 4.8202E-06 3.4501E-07 2.7572E-07
 3.5481E+02 5.1068E-06 3.3244E-06 2.2915E-07 1.8535E-07
 3.9811E+02 3.5397E-06 2.2880E-06 1.5399E-07 1.2398E-07
 4.4668E+02 2.4497E-06 1.5721E-06 1.0402E-07 8.3735E-08
 5.0119E+02 1.6963E-06 1.0814E-06 7.0276E-08 5.6269E-08
 5.6234E+02 1.1714E-06 7.4080E-07 4.7457E-08 3.7204E-08
 6.3096E+02 8.0530E-07 5.0861E-07 3.2344E-08 2.4921E-08
 7.0795E+02 5.5466E-07 3.4870E-07 2.1725E-08 1.6846E-08
 7.9433E+02 3.8062E-07 2.3780E-07 1.4257E-08 1.1420E-08
 8.9125E+02 2.6071E-07 1.6156E-07 9.5650E-09 7.6140E-09
 1.0000E+03 1.7819E-07 1.0964E-07 6.4897E-09 5.0204E-09
 1.1220E+03 1.2142E-07 7.4517E-08 4.3532E-09 3.3293E-09
 1.2589E+03 8.2493E-08 5.0463E-08 2.8989E-09 2.1936E-09
 1.4125E+03 5.5849E-08 3.4116E-08 1.9002E-09 1.4647E-09
 1.5849E+03 3.7838E-08 2.2953E-08 1.2524E-09 9.7606E-10
 1.7783E+03 2.5480E-08 1.5439E-08 8.4823E-10 6.3550E-10
 1.9953E+03 1.7149E-08 1.0344E-08 5.6466E-10 4.2382E-10
 2.2387E+03 1.1549E-08 6.8824E-09 3.7310E-10 2.8163E-10
 2.5119E+03 7.7564E-09 4.6023E-09 2.4647E-10 1.8063E-10
 2.8184E+03 5.1854E-09 3.0839E-09 1.6234E-10 1.1662E-10
 3.1623E+03 3.4543E-09 2.0512E-09 1.0807E-10 7.7979E-11
 3.5481E+03 2.2973E-09 1.3559E-09 7.0872E-11 5.1494E-11
 3.9811E+03 1.5313E-09 8.9697E-10 4.6302E-11 3.3776E-11
 4.4668E+03 1.0197E-09 5.9566E-10 3.0101E-11 2.1237E-11
 5.0119E+03 6.7447E-10 3.9677E-10 1.9343E-11 1.3735E-11
 5.6234E+03 4.4766E-10 2.5978E-10 1.3071E-11 9.4239E-12
 6.3096E+03 2.9604E-10 1.7035E-10 8.7704E-12 6.2745E-12
 7.0795E+03 1.9455E-10 1.1305E-10 5.4980E-12 4.3181E-12
 7.9433E+03 1.2863E-10 7.3912E-11 3.4271E-12 2.5973E-12
 8.9125E+03 8.4343E-11 4.8900E-11 2.3484E-12 1.6069E-12
 1.0000E+04 5.5395E-11 3.2114E-11 1.5882E-12 1.1125E-12
