1.99526246E-03   5747.62891       5398.08203       27562.3086       24744.1094    
   2.23872135E-03   7441.64600       6651.48047       31135.1328       27704.1445    
   2.51188665E-03   8973.25391       7628.16211       32870.4648       28944.6055    
   2.81838328E-03   10958.6494       9371.05078       34059.3672       30224.6113    
   3.16227786E-03   13291.6572       11778.5840       34790.5078       31588.8047    
   3.54813435E-03   15856.9248       14581.4824       35377.7305       33093.0586    
   3.98107199E-03   18862.6270       17570.9023       37136.8594       35441.0352    
   4.46683681E-03   22139.3477       20571.8672       39918.5039       38448.6875    
   5.01187239E-03   25652.5781       23658.7109       43210.0742       41759.2578    
   5.62341325E-03   30132.6406       27774.5645       46192.9102       44961.7773    
   6.30957400E-03   35304.3242       32676.6426       48675.7773       47877.2305    
   7.07945880E-03   40923.3984       38166.8750       51561.3555       51265.4688    
   7.94328377E-03   47412.8164       44954.3828       59447.6992       59282.9258    
   8.91250931E-03   54400.7070       52604.3320       71602.0000       71211.7734    
   9.99999978E-03   61724.3359       60683.5547       86263.1406       85418.9375    
   1.12201842E-02   70501.5391       69466.1250       101627.266       100299.805    
   1.25892544E-02   80191.7891       78460.2422       116659.805       114875.617    
   1.41253751E-02   90262.8203       87610.0625       131668.641       129342.922    
   1.58489328E-02   101441.766       99078.7578       151281.125       147693.688    
   1.77827943E-02   112959.445       112001.672       174148.328       168715.500    
   1.99526232E-02   124153.758       125119.320       197610.594       190814.266    
   2.23872103E-02   135534.156       137748.297       218286.016       214676.125    
   2.51188651E-02   146347.359       149047.625       235196.094       238616.609    
   2.81838309E-02   155737.078       158484.391       249051.266       260650.031    
   3.16227749E-02   163380.391       166676.188       264987.250       279407.000    
   3.54813412E-02   168702.594       172884.609       281471.250       293733.656    
   3.98107171E-02   169956.453       174619.891       293576.594       301034.500    
   4.46683653E-02   161084.109       163905.188       288586.625       292765.219    
   5.01187220E-02   144652.141       144118.609       269486.469       272182.750    
   5.62341288E-02   125316.898       121186.344       243084.375       245384.812    
   6.30957335E-02   110480.141       104203.883       219595.469       221410.766    
   7.07945824E-02   99845.8594       92693.6406       199668.344       200814.500    
   7.94328302E-02   91632.7266       84394.8359       182167.734       182598.984    
   8.91250893E-02   83331.5625       76235.9922       165698.156       165514.094    
  0.100000001       74775.8906       67944.5234       149886.781       149210.312    
  0.112201847       60697.6172       54585.5898       120935.844       121415.891    
  0.125892550       52858.6328       47288.1562       105100.719       105533.203    
  0.141253754       45986.9648       40961.4336       91343.7188       91707.6016    
  0.158489332       39706.7773       35245.7773       78867.1562       79121.0703    
  0.177827939       34008.9375       30076.0254       67511.9219       67676.7266    
  0.199526235       28890.5664       25459.7871       57187.8672       57306.5078    
  0.223872110       24346.6426       21382.4004       47896.3867       48008.9297    
  0.251188666       20354.2344       17800.9043       39736.1680       39837.0039    
  0.281838328       16869.8652       14699.9590       32700.4707       32776.2148    
  0.316227764       13862.0859       12045.2686       26723.2305       26772.9453    
  0.354813427       11304.2402       9787.03125       21721.2773       21723.2227    
  0.398107201       9151.95312       7892.84912       17568.6289       17517.9668    
  0.446683645       7360.06494       6320.47314       14143.3232       14050.4541    
  0.501187265       5883.94873       5030.38721       11339.9424       11215.5615    
  0.562341332       4679.48877       3981.36377       9044.78223       8906.32227    
  0.630957365       3701.98926       3131.59692       7176.45166       7034.45801    
  0.707945824       2914.40234       2449.13696       5668.86084       5533.65869    
  0.794328332       2280.54785       1905.24695       4451.30371       4330.60840    
  0.891250908       1773.27527       1472.63965       3476.25122       3369.78662    
   1.00000000       1372.19409       1131.62170       2702.94556       2609.08203    
   1.12201846       1056.37744       864.585754       2091.00439       2008.84338    
   1.25892544       809.191895       657.953674       1615.66199       1544.44739    
   1.41253757       614.974182       496.942505       1238.32275       1176.00098    
   1.58489323       464.124878       372.351898       945.029419       890.258972    
   1.77827942       347.787994       277.145721       718.129700       670.850891    
   1.99526238       258.788269       204.879562       543.041443       502.709137    
   2.23872113       191.291336       150.528076       408.532654       374.461548    
   2.51188660       140.517166       109.968575       305.769318       277.565826    
   2.81838322       102.482018       79.7840195       227.712799       204.674362    
   3.16227770       74.1857300       57.5410576       168.713882       150.232269    
   3.54813409       53.3724899       41.2239227       124.403183       109.746582    
   3.98107195       38.1967506       29.3699169       91.3171997       79.8109360    
   4.46683645       27.1438618       20.7863846       66.6650467       57.8025742    
   5.01187229       19.2165794       14.6324348       48.4329872       41.7085724    
   5.62341309       13.5137396       10.2575760       35.0411415       30.0071182    
   6.30957365       9.46910572       7.16569805       25.3149242       21.5323830    
   7.07945824       6.59735394       4.98609257       18.2282867       15.4231787    
   7.94328308       4.57773542       3.45513511       13.0818701       11.0207500    
   8.91250896       3.16637921       2.38498259       9.37279034       7.86031151    
   10.0000000       2.18475318       1.64343953       6.70933580       5.60201550    
   11.2201843       1.50594223       1.13140690       4.79901505       3.99036980    
   12.5892544       1.03305089      0.778147519       3.43255162       2.83671641    
   14.1253757      0.704916835      0.534951270       2.45445514       2.01637125    
   15.8489323      0.481242925      0.366470814       1.75171447       1.43499851    
   17.7827950      0.328924835      0.250558138       1.24999928       1.01822889    
   19.9526234      0.224526301      0.170440525      0.891657710      0.721433818    
   22.3872108      0.152667597      0.115738817      0.635812283      0.511037111    
   25.1188660      0.104312584       7.96977133E-02  0.452557385      0.362794787    
   28.1838322       7.07069337E-02   5.42202145E-02  0.322412759      0.256938726    
   31.6227760       4.78121974E-02   3.67937051E-02  0.229614303      0.181831703    
   35.4813423       3.22944894E-02   2.49494910E-02  0.163420379      0.128582686    
   39.8107185       2.17780583E-02   1.68819409E-02  0.116166309       9.08588916E-02
   44.6683655       1.46722151E-02   1.14100194E-02   8.24977309E-02   6.41272888E-02
   50.1187210       9.86221060E-03   7.69895175E-03   5.85421696E-02   4.52183187E-02
   56.2341309       6.61695749E-03   5.18101966E-03   4.14991975E-02   3.18422355E-02
   63.0957375       4.44119237E-03   3.48701654E-03   2.93882042E-02   2.24074274E-02
   70.7945862       2.97746528E-03   2.34531378E-03   2.07967386E-02   1.57519821E-02
   79.4328308       1.99112273E-03   1.57366670E-03   1.47026759E-02   1.10658491E-02
   89.1250916       1.33201317E-03   1.05568510E-03   1.03847524E-02   7.76635297E-03
   100.000000       8.90410738E-04   7.07479252E-04   7.32726557E-03   5.44281397E-03
