 1.0000E-01 4.1552E+03 4.2032E+03 1.9948E+03 2.0390E+03
 1.1220E-01 3.7793E+03 3.8086E+03 1.8082E+03 1.8367E+03
 1.2589E-01 3.4094E+03 3.4282E+03 1.6279E+03 1.6410E+03
 1.4125E-01 3.0540E+03 3.0668E+03 1.4538E+03 1.4527E+03
 1.5849E-01 2.7145E+03 2.7186E+03 1.2848E+03 1.2755E+03
 1.7783E-01 2.3868E+03 2.3827E+03 1.1274E+03 1.1089E+03
 1.9953E-01 2.0770E+03 2.0656E+03 9.8050E+02 9.5537E+02
 2.2387E-01 1.7882E+03 1.7737E+03 8.4479E+02 8.1603E+02
 2.5119E-01 1.5244E+03 1.5084E+03 7.1974E+02 6.9039E+02
 2.8184E-01 1.2861E+03 1.2709E+03 6.0839E+02 5.7837E+02
 3.1623E-01 1.0755E+03 1.0622E+03 5.1092E+02 4.8002E+02
 3.5481E-01 8.9377E+02 8.8010E+02 4.2415E+02 3.9504E+02
 3.9811E-01 7.3711E+02 7.2299E+02 3.4848E+02 3.2217E+02
 4.4668E-01 6.0282E+02 5.8892E+02 2.8435E+02 2.6131E+02
 5.0119E-01 4.8881E+02 4.7656E+02 2.2974E+02 2.0916E+02
 5.6234E-01 3.9311E+02 3.8231E+02 1.8417E+02 1.6541E+02
 6.3096E-01 3.1469E+02 3.0396E+02 1.4629E+02 1.3058E+02
 7.0795E-01 2.5016E+02 2.3951E+02 1.1491E+02 1.0223E+02
 7.9433E-01 1.9715E+02 1.8769E+02 8.9666E+01 7.8989E+01
 8.9125E-01 1.5414E+02 1.4629E+02 6.9712E+01 6.0720E+01
 1.0000E+00 1.2030E+02 1.1365E+02 5.3781E+01 4.6205E+01
 1.1220E+00 9.3069E+01 8.7185E+01 4.0990E+01 3.4800E+01
 1.2589E+00 7.1623E+01 6.6403E+01 3.1025E+01 2.6133E+01
 1.4125E+00 5.4749E+01 5.0433E+01 2.3292E+01 1.9358E+01
 1.5849E+00 4.1639E+01 3.7954E+01 1.7313E+01 1.4239E+01
 1.7783E+00 3.1389E+01 2.8269E+01 1.2728E+01 1.0436E+01
 1.9953E+00 2.3521E+01 2.1007E+01 9.3079E+00 7.5432E+00
 2.2387E+00 1.7552E+01 1.5537E+01 6.7400E+00 5.4240E+00
 2.5119E+00 1.3024E+01 1.1374E+01 4.8490E+00 3.8517E+00
 2.8184E+00 9.5954E+00 8.2856E+00 3.4592E+00 2.7046E+00
 3.1623E+00 7.0500E+00 6.0134E+00 2.4464E+00 1.9089E+00
 3.5481E+00 5.1554E+00 4.3549E+00 1.7159E+00 1.3299E+00
 3.9811E+00 3.7568E+00 3.1397E+00 1.1958E+00 9.1971E-01
 4.4668E+00 2.7259E+00 2.2476E+00 8.2674E-01 6.3349E-01
 5.0119E+00 1.9726E+00 1.6094E+00 5.6705E-01 4.3603E-01
 5.6234E+00 1.4215E+00 1.1498E+00 3.8694E-01 2.9796E-01
 6.3096E+00 1.0238E+00 8.2007E-01 2.6433E-01 2.0153E-01
 7.0795E+00 7.3600E-01 5.8391E-01 1.8007E-01 1.3706E-01
 7.9433E+00 5.2788E-01 4.1538E-01 1.2178E-01 9.2946E-02
 8.9125E+00 3.7747E-01 2.9522E-01 8.1734E-02 6.1801E-02
 1.0000E+01 2.6822E-01 2.0824E-01 5.4521E-02 4.1288E-02
 1.1220E+01 1.9136E-01 1.4755E-01 3.6479E-02 2.7684E-02
 1.2589E+01 1.3640E-01 1.0449E-01 2.4310E-02 1.8476E-02
 1.4125E+01 9.7181E-02 7.3999E-02 1.6200E-02 1.2339E-02
 1.5849E+01 6.9271E-02 5.2442E-02 1.0816E-02 8.2269E-03
 1.7783E+01 4.9307E-02 3.7138E-02 7.1760E-03 5.4934E-03
 1.9953E+01 3.5067E-02 2.6251E-02 4.7468E-03 3.6686E-03
 2.2387E+01 2.4936E-02 1.8530E-02 3.1616E-03 2.4540E-03
 2.5119E+01 1.7738E-02 1.3123E-02 2.1100E-03 1.6416E-03
 2.8184E+01 1.2595E-02 9.2681E-03 1.3999E-03 1.1006E-03
 3.1623E+01 9.0337E-03 6.6210E-03 9.4362E-04 7.4248E-04
 3.5481E+01 6.3976E-03 4.6723E-03 6.3002E-04 4.9939E-04
 3.9811E+01 4.5247E-03 3.2866E-03 4.1929E-04 3.3477E-04
 4.4668E+01 3.1958E-03 2.3105E-03 2.7922E-04 2.2349E-04
 5.0119E+01 2.2139E-03 1.5973E-03 1.8210E-04 1.4681E-04
 5.6234E+01 1.5635E-03 1.1181E-03 1.2149E-04 9.8392E-05
 6.3096E+01 1.1027E-03 7.8238E-04 8.1894E-05 6.6059E-05
 7.0795E+01 7.7547E-04 5.4811E-04 5.5080E-05 4.4519E-05
 7.9433E+01 5.4515E-04 3.8384E-04 3.6681E-05 2.9888E-05
 8.9125E+01 3.8164E-04 2.6756E-04 2.4663E-05 2.0240E-05
 1.0000E+02 2.6738E-04 1.8644E-04 1.6725E-05 1.3711E-05
 1.1220E+02 1.8782E-04 1.2997E-04 1.1307E-05 9.2366E-06
 1.2589E+02 1.3179E-04 9.0371E-05 7.6569E-06 6.2559E-06
 1.4125E+02 9.2115E-05 6.2858E-05 5.1572E-06 4.2336E-06
 1.5849E+02 6.4234E-05 4.3705E-05 3.4807E-06 2.8525E-06
 1.7783E+02 4.4876E-05 3.0308E-05 2.3476E-06 1.9262E-06
 1.9953E+02 3.1261E-05 2.0954E-05 1.5828E-06 1.3025E-06
 2.2387E+02 2.1782E-05 1.4513E-05 1.0790E-06 8.8018E-07
 2.5119E+02 1.5214E-05 1.0064E-05 7.4543E-07 5.9133E-07
 2.8184E+02 1.0600E-05 6.9737E-06 5.1305E-07 4.0145E-07
 3.1623E+02 7.3601E-06 4.8177E-06 3.4232E-07 2.7358E-07
 3.5481E+02 5.1052E-06 3.3226E-06 2.2761E-07 1.8411E-07
 3.9811E+02 3.5388E-06 2.2868E-06 1.5310E-07 1.2326E-07
 4.4668E+02 2.4491E-06 1.5714E-06 1.0347E-07 8.3289E-08
 5.0119E+02 1.6960E-06 1.0810E-06 6.9948E-08 5.6006E-08
 5.6234E+02 1.1711E-06 7.4052E-07 4.7262E-08 3.7052E-08
 6.3096E+02 8.0516E-07 5.0841E-07 3.2218E-08 2.4824E-08
 7.0795E+02 5.5458E-07 3.4859E-07 2.1652E-08 1.6788E-08
 7.9433E+02 3.8054E-07 2.3774E-07 1.4213E-08 1.1385E-08
 8.9125E+02 2.6067E-07 1.6152E-07 9.5392E-09 7.5935E-09
 1.0000E+03 1.7817E-07 1.0962E-07 6.4754E-09 5.0093E-09
 1.1220E+03 1.2140E-07 7.4501E-08 4.3446E-09 3.3228E-09
 1.2589E+03 8.2484E-08 5.0454E-08 2.8930E-09 2.1892E-09
 1.4125E+03 5.5844E-08 3.4111E-08 1.8966E-09 1.4620E-09
 1.5849E+03 3.7835E-08 2.2950E-08 1.2507E-09 9.7469E-10
 1.7783E+03 2.5478E-08 1.5436E-08 8.4722E-10 6.3474E-10
 1.9953E+03 1.7148E-08 1.0342E-08 5.6397E-10 4.2330E-10
 2.2387E+03 1.1549E-08 6.8812E-09 3.7272E-10 2.8135E-10
 2.5119E+03 7.7558E-09 4.6016E-09 2.4627E-10 1.8048E-10
 2.8184E+03 5.1849E-09 3.0835E-09 1.6224E-10 1.1655E-10
 3.1623E+03 3.4541E-09 2.0510E-09 1.0801E-10 7.7938E-11
 3.5481E+03 2.2972E-09 1.3558E-09 7.0817E-11 5.1454E-11
 3.9811E+03 1.5312E-09 8.9692E-10 4.6255E-11 3.3742E-11
 4.4668E+03 1.0197E-09 5.9561E-10 3.0066E-11 2.1212E-11
 5.0119E+03 6.7444E-10 3.9674E-10 1.9330E-11 1.3726E-11
 5.6234E+03 4.4765E-10 2.5975E-10 1.3064E-11 9.4191E-12
 6.3096E+03 2.9603E-10 1.7035E-10 8.7677E-12 6.2726E-12
 7.0795E+03 1.9454E-10 1.1305E-10 5.4973E-12 4.3175E-12
 7.9433E+03 1.2862E-10 7.3908E-11 3.4249E-12 2.5958E-12
 8.9125E+03 8.4337E-11 4.8897E-11 2.3470E-12 1.6059E-12
 1.0000E+04 5.5393E-11 3.2112E-11 1.5882E-12 1.1125E-12
