 1.0000E-01 1.1046E+04 1.1257E+04 5.1907E+03 5.2221E+03
 1.1220E-01 9.4069E+03 9.5346E+03 4.4932E+03 4.4629E+03
 1.2589E-01 7.9695E+03 8.0539E+03 3.8307E+03 3.7754E+03
 1.4125E-01 6.7139E+03 6.7895E+03 3.2439E+03 3.1604E+03
 1.5849E-01 5.6041E+03 5.6538E+03 2.7383E+03 2.6252E+03
 1.7783E-01 4.6406E+03 4.6560E+03 2.2874E+03 2.1714E+03
 1.9953E-01 3.8056E+03 3.8105E+03 1.8977E+03 1.7724E+03
 2.2387E-01 3.0889E+03 3.0828E+03 1.5648E+03 1.4399E+03
 2.5119E-01 2.4848E+03 2.4700E+03 1.2775E+03 1.1645E+03
 2.8184E-01 1.9787E+03 1.9688E+03 1.0340E+03 9.3392E+02
 3.1623E-01 1.5673E+03 1.5640E+03 8.3282E+02 7.4455E+02
 3.5481E-01 1.2370E+03 1.2363E+03 6.6816E+02 5.8913E+02
 3.9811E-01 9.7060E+02 9.7282E+02 5.2950E+02 4.6291E+02
 4.4668E-01 7.6189E+02 7.6173E+02 4.1825E+02 3.6325E+02
 5.0119E-01 5.9629E+02 5.9542E+02 3.3043E+02 2.8512E+02
 5.6234E-01 4.6635E+02 4.6559E+02 2.5984E+02 2.2183E+02
 6.3096E-01 3.6483E+02 3.6284E+02 2.0490E+02 1.7185E+02
 7.0795E-01 2.8417E+02 2.8147E+02 1.6027E+02 1.3335E+02
 7.9433E-01 2.2107E+02 2.1788E+02 1.2472E+02 1.0422E+02
 8.9125E-01 1.7058E+02 1.6954E+02 9.6959E+01 8.0760E+01
 1.0000E+00 1.3224E+02 1.3054E+02 7.5264E+01 6.1844E+01
 1.1220E+00 1.0250E+02 1.0036E+02 5.8174E+01 4.7490E+01
 1.2589E+00 7.9156E+01 7.7332E+01 4.4828E+01 3.6572E+01
 1.4125E+00 6.1029E+01 5.9171E+01 3.4379E+01 2.8134E+01
 1.5849E+00 4.6738E+01 4.5181E+01 2.6323E+01 2.1285E+01
 1.7783E+00 3.5758E+01 3.4413E+01 2.0052E+01 1.6116E+01
 1.9953E+00 2.7281E+01 2.6156E+01 1.5131E+01 1.2290E+01
 2.2387E+00 2.0613E+01 1.9823E+01 1.1342E+01 9.2594E+00
 2.5119E+00 1.5559E+01 1.4900E+01 8.5827E+00 6.9008E+00
 2.8184E+00 1.1696E+01 1.1115E+01 6.4680E+00 5.1412E+00
 3.1623E+00 8.7415E+00 8.2956E+00 4.8140E+00 3.8024E+00
 3.5481E+00 6.4978E+00 6.1472E+00 3.5494E+00 2.7841E+00
 3.9811E+00 4.8275E+00 4.5384E+00 2.6100E+00 2.0381E+00
 4.4668E+00 3.5645E+00 3.3328E+00 1.9078E+00 1.4858E+00
 5.0119E+00 2.6160E+00 2.4449E+00 1.3861E+00 1.0791E+00
 5.6234E+00 1.9213E+00 1.7849E+00 1.0029E+00 7.6773E-01
 6.3096E+00 1.3981E+00 1.2955E+00 7.2467E-01 5.4892E-01
 7.0795E+00 1.0092E+00 9.3994E-01 5.1847E-01 3.9363E-01
 7.9433E+00 7.3030E-01 6.7662E-01 3.6750E-01 2.7934E-01
 8.9125E+00 5.2944E-01 4.8613E-01 2.5738E-01 1.9578E-01
 1.0000E+01 3.8101E-01 3.4884E-01 1.8130E-01 1.3632E-01
 1.1220E+01 2.7356E-01 2.4916E-01 1.2671E-01 9.5281E-02
 1.2589E+01 1.9656E-01 1.7785E-01 8.8473E-02 6.6316E-02
 1.4125E+01 1.4097E-01 1.2700E-01 6.1304E-02 4.5963E-02
 1.5849E+01 1.0107E-01 9.0078E-02 4.2264E-02 3.1752E-02
 1.7783E+01 7.2324E-02 6.3821E-02 2.9048E-02 2.1861E-02
 1.9953E+01 5.1693E-02 4.5422E-02 1.9975E-02 1.5033E-02
 2.2387E+01 3.6955E-02 3.2176E-02 1.3623E-02 1.0316E-02
 2.5119E+01 2.6358E-02 2.2741E-02 9.2317E-03 7.0209E-03
 2.8184E+01 1.8860E-02 1.6117E-02 6.2745E-03 4.7680E-03
 3.1623E+01 1.3632E-02 1.1600E-02 4.3464E-03 3.3007E-03
 3.5481E+01 9.7319E-03 8.2225E-03 2.9372E-03 2.2421E-03
 3.9811E+01 6.9297E-03 5.8141E-03 1.9742E-03 1.5186E-03
 4.4668E+01 4.9396E-03 4.0929E-03 1.3309E-03 1.0232E-03
 5.0119E+01 3.4856E-03 2.8700E-03 8.7869E-04 6.7969E-04
 5.6234E+01 2.4796E-03 2.0287E-03 5.8822E-04 4.5624E-04
 6.3096E+01 1.7650E-03 1.4307E-03 3.9399E-04 3.0653E-04
 7.0795E+01 1.2577E-03 1.0084E-03 2.6348E-04 2.0565E-04
 7.9433E+01 8.9408E-04 7.1205E-04 1.7531E-04 1.3696E-04
 8.9125E+01 6.3427E-04 5.0260E-04 1.1641E-04 9.1439E-05
 1.0000E+02 4.5030E-04 3.5375E-04 7.7191E-05 6.0869E-05
 1.1220E+02 3.1985E-04 2.4822E-04 5.1188E-05 4.0376E-05
 1.2589E+02 2.2645E-04 1.7419E-04 3.3865E-05 2.6835E-05
 1.4125E+02 1.5994E-04 1.2236E-04 2.2429E-05 1.7795E-05
 1.5849E+02 1.1310E-04 8.5811E-05 1.4892E-05 1.1844E-05
 1.7783E+02 7.9904E-05 6.0061E-05 9.8701E-06 7.8554E-06
 1.9953E+02 5.6333E-05 4.2037E-05 6.5078E-06 5.1858E-06
 2.2387E+02 3.9684E-05 2.9293E-05 4.2878E-06 3.4405E-06
 2.5119E+02 2.7900E-05 2.0428E-05 2.8446E-06 2.2880E-06
 2.8184E+02 1.9585E-05 1.4262E-05 1.8965E-06 1.5070E-06
 3.1623E+02 1.3751E-05 9.9458E-06 1.2490E-06 9.9462E-07
 3.5481E+02 9.6557E-06 6.9290E-06 8.2248E-07 6.6010E-07
 3.9811E+02 6.7639E-06 4.8095E-06 5.4749E-07 4.3674E-07
 4.4668E+02 4.7327E-06 3.3352E-06 3.6204E-07 2.8916E-07
 5.0119E+02 3.3105E-06 2.3097E-06 2.3941E-07 1.9243E-07
 5.6234E+02 2.3129E-06 1.6039E-06 1.5844E-07 1.2909E-07
 6.3096E+02 1.6187E-06 1.1134E-06 1.0479E-07 8.6423E-08
 7.0795E+02 1.1276E-06 7.6938E-07 6.9999E-08 5.7221E-08
 7.9433E+02 7.8519E-07 5.3236E-07 4.6877E-08 3.7986E-08
 8.9125E+02 5.4692E-07 3.6804E-07 3.0941E-08 2.5483E-08
 1.0000E+03 3.8039E-07 2.5401E-07 2.0644E-08 1.6965E-08
 1.1220E+03 2.6478E-07 1.7500E-07 1.3895E-08 1.1198E-08
 1.2589E+03 1.8433E-07 1.2065E-07 9.3479E-09 7.5013E-09
 1.4125E+03 1.2771E-07 8.3193E-08 6.2556E-09 4.9698E-09
 1.5849E+03 8.8430E-08 5.7307E-08 4.1732E-09 3.3002E-09
 1.7783E+03 6.1289E-08 3.9181E-08 2.7928E-09 2.2007E-09
 1.9953E+03 4.2313E-08 2.6863E-08 1.8640E-09 1.4822E-09
 2.2387E+03 2.9081E-08 1.8518E-08 1.2341E-09 9.9874E-10
 2.5119E+03 2.0029E-08 1.2594E-08 8.3026E-10 6.3151E-10
 2.8184E+03 1.3783E-08 8.5726E-09 5.5506E-10 4.3102E-10
 3.1623E+03 9.4859E-09 5.8713E-09 3.6887E-10 2.9104E-10
 3.5481E+03 6.4519E-09 3.9881E-09 2.4615E-10 1.9097E-10
 3.9811E+03 4.3827E-09 2.7041E-09 1.6338E-10 1.3093E-10
 4.4668E+03 3.0091E-09 1.8314E-09 1.1096E-10 8.3281E-11
 5.0119E+03 2.0492E-09 1.2366E-09 7.6969E-11 5.4291E-11
 5.6234E+03 1.3851E-09 8.3231E-10 5.1938E-11 3.5732E-11
 6.3096E+03 9.4691E-10 5.6932E-10 3.2956E-11 2.3248E-11
 7.0795E+03 6.4095E-10 3.8046E-10 2.1586E-11 1.4857E-11
 7.9433E+03 4.2772E-10 2.5395E-10 1.4152E-11 9.8794E-12
 8.9125E+03 2.8920E-10 1.7073E-10 9.7387E-12 6.0484E-12
 1.0000E+04 1.9427E-10 1.1332E-10 6.4206E-12 4.0353E-12
