 1.0000E-01 1.5586E+04 1.5940E+04 7.2127E+03 7.3167E+03
 1.1220E-01 1.3124E+04 1.3365E+04 6.1734E+03 6.2200E+03
 1.2589E-01 1.1014E+04 1.1164E+04 5.2181E+03 5.2192E+03
 1.4125E-01 9.1445E+03 9.2858E+03 4.3852E+03 4.3133E+03
 1.5849E-01 7.5495E+03 7.6467E+03 3.6633E+03 3.5378E+03
 1.7783E-01 6.1810E+03 6.2266E+03 3.0156E+03 2.8866E+03
 1.9953E-01 4.9938E+03 5.0243E+03 2.4766E+03 2.3346E+03
 2.2387E-01 3.9882E+03 4.0103E+03 2.0204E+03 1.8802E+03
 2.5119E-01 3.1541E+03 3.1717E+03 1.6247E+03 1.4954E+03
 2.8184E-01 2.4883E+03 2.4893E+03 1.3107E+03 1.1796E+03
 3.1623E-01 1.9484E+03 1.9472E+03 1.0508E+03 9.3025E+02
 3.5481E-01 1.5200E+03 1.5288E+03 8.3049E+02 7.2415E+02
 3.9811E-01 1.1805E+03 1.1921E+03 6.5684E+02 5.6077E+02
 4.4668E-01 9.0654E+02 9.2123E+02 5.1443E+02 4.3459E+02
 5.0119E-01 7.0030E+02 7.0719E+02 4.0023E+02 3.3520E+02
 5.6234E-01 5.4480E+02 5.4374E+02 3.1228E+02 2.5671E+02
 6.3096E-01 4.1861E+02 4.2157E+02 2.4259E+02 1.9715E+02
 7.0795E-01 3.2105E+02 3.2332E+02 1.8669E+02 1.5334E+02
 7.9433E-01 2.4526E+02 2.4621E+02 1.4523E+02 1.1840E+02
 8.9125E-01 1.8829E+02 1.8913E+02 1.1309E+02 8.9785E+01
 1.0000E+00 1.4493E+02 1.4528E+02 8.6318E+01 6.8622E+01
 1.1220E+00 1.1127E+02 1.1089E+02 6.6309E+01 5.2072E+01
 1.2589E+00 8.5416E+01 8.4622E+01 5.0834E+01 3.9411E+01
 1.4125E+00 6.5263E+01 6.4694E+01 3.8670E+01 3.0454E+01
 1.5849E+00 4.9800E+01 4.9395E+01 2.9497E+01 2.3366E+01
 1.7783E+00 3.7999E+01 3.7104E+01 2.2380E+01 1.7388E+01
 1.9953E+00 2.8608E+01 2.8020E+01 1.6891E+01 1.3076E+01
 2.2387E+00 2.1445E+01 2.1295E+01 1.2826E+01 9.7857E+00
 2.5119E+00 1.6065E+01 1.5860E+01 9.4250E+00 7.3587E+00
 2.8184E+00 1.2052E+01 1.1906E+01 7.0247E+00 5.5133E+00
 3.1623E+00 9.1474E+00 8.8451E+00 5.3575E+00 4.1095E+00
 3.5481E+00 6.8279E+00 6.5686E+00 3.9455E+00 3.0617E+00
 3.9811E+00 5.0749E+00 4.8381E+00 2.8925E+00 2.2600E+00
 4.4668E+00 3.7599E+00 3.5688E+00 2.1339E+00 1.6536E+00
 5.0119E+00 2.7863E+00 2.6181E+00 1.5710E+00 1.2097E+00
 5.6234E+00 2.0408E+00 1.9141E+00 1.1502E+00 8.8217E-01
 6.3096E+00 1.4832E+00 1.3964E+00 8.3053E-01 6.3416E-01
 7.0795E+00 1.0842E+00 1.0219E+00 6.0325E-01 4.6274E-01
 7.9433E+00 7.8721E-01 7.4783E-01 4.3397E-01 3.4052E-01
 8.9125E+00 5.6900E-01 5.4585E-01 3.1093E-01 2.3838E-01
 1.0000E+01 4.1540E-01 3.9241E-01 2.2332E-01 1.6869E-01
 1.1220E+01 2.9986E-01 2.8250E-01 1.5893E-01 1.1939E-01
 1.2589E+01 2.1646E-01 2.0283E-01 1.1330E-01 8.4781E-02
 1.4125E+01 1.5606E-01 1.4576E-01 8.0178E-02 6.0118E-02
 1.5849E+01 1.1226E-01 1.0476E-01 5.6724E-02 4.2590E-02
 1.7783E+01 8.0939E-02 7.5299E-02 3.9875E-02 2.9858E-02
 1.9953E+01 5.8017E-02 5.4038E-02 2.7828E-02 2.0771E-02
 2.2387E+01 4.1509E-02 3.8557E-02 1.9514E-02 1.4569E-02
 2.5119E+01 2.9828E-02 2.7314E-02 1.3574E-02 1.0168E-02
 2.8184E+01 2.1412E-02 1.9433E-02 9.3974E-03 7.1401E-03
 3.1623E+01 1.5562E-02 1.4027E-02 6.5029E-03 4.9738E-03
 3.5481E+01 1.1140E-02 9.9882E-03 4.4764E-03 3.4334E-03
 3.9811E+01 7.9610E-03 7.1118E-03 3.0841E-03 2.3866E-03
 4.4668E+01 5.6875E-03 5.0390E-03 2.1146E-03 1.6407E-03
 5.0119E+01 4.0502E-03 3.5439E-03 1.4474E-03 1.1158E-03
 5.6234E+01 2.8906E-03 2.5087E-03 9.8451E-04 7.6140E-04
 6.3096E+01 2.0620E-03 1.7747E-03 6.7074E-04 5.1789E-04
 7.0795E+01 1.4694E-03 1.2548E-03 4.5466E-04 3.5214E-04
 7.9433E+01 1.0480E-03 8.8596E-04 3.0641E-04 2.3841E-04
 8.9125E+01 7.4653E-04 6.2325E-04 2.0647E-04 1.6068E-04
 1.0000E+02 5.3071E-04 4.3930E-04 1.3869E-04 1.0834E-04
 1.1220E+02 3.7691E-04 3.0981E-04 9.3046E-05 7.2800E-05
 1.2589E+02 2.6730E-04 2.1780E-04 6.2146E-05 4.8639E-05
 1.4125E+02 1.8937E-04 1.5298E-04 4.1338E-05 3.2531E-05
 1.5849E+02 1.3415E-04 1.0729E-04 2.7522E-05 2.1712E-05
 1.7783E+02 9.4881E-05 7.5193E-05 1.8283E-05 1.4374E-05
 1.9953E+02 6.6955E-05 5.2591E-05 1.2115E-05 9.5211E-06
 2.2387E+02 4.7249E-05 3.6771E-05 7.9931E-06 6.3233E-06
 2.5119E+02 3.3352E-05 2.5691E-05 5.2501E-06 4.1710E-06
 2.8184E+02 2.3435E-05 1.7935E-05 3.4616E-06 2.7305E-06
 3.1623E+02 1.6464E-05 1.2506E-05 2.2797E-06 1.8063E-06
 3.5481E+02 1.1573E-05 8.6933E-06 1.4963E-06 1.1976E-06
 3.9811E+02 8.1273E-06 6.0292E-06 9.8432E-07 7.8535E-07
 4.4668E+02 5.6965E-06 4.1932E-06 6.4712E-07 5.1328E-07
 5.0119E+02 3.9868E-06 2.9135E-06 4.2338E-07 3.3917E-07
 5.6234E+02 2.7842E-06 2.0154E-06 2.8005E-07 2.2221E-07
 6.3096E+02 1.9460E-06 1.3958E-06 1.8315E-07 1.4511E-07
 7.0795E+02 1.3598E-06 9.6720E-07 1.1956E-07 9.6110E-08
 7.9433E+02 9.4883E-07 6.6874E-07 7.8569E-08 6.3686E-08
 8.9125E+02 6.6363E-07 4.6220E-07 5.1807E-08 4.1998E-08
 1.0000E+03 4.6241E-07 3.1992E-07 3.4092E-08 2.7541E-08
 1.1220E+03 3.2180E-07 2.2007E-07 2.2294E-08 1.8116E-08
 1.2589E+03 2.2420E-07 1.5118E-07 1.4589E-08 1.1950E-08
 1.4125E+03 1.5653E-07 1.0443E-07 9.6801E-09 7.7608E-09
 1.5849E+03 1.0920E-07 7.2261E-08 6.4435E-09 5.0515E-09
 1.7783E+03 7.5575E-08 4.9746E-08 4.2408E-09 3.3676E-09
 1.9953E+03 5.2368E-08 3.4103E-08 2.8088E-09 2.2470E-09
 2.2387E+03 3.6280E-08 2.3404E-08 1.8637E-09 1.4766E-09
 2.5119E+03 2.5038E-08 1.6007E-08 1.2211E-09 9.9639E-10
 2.8184E+03 1.7373E-08 1.0999E-08 7.9058E-10 6.6043E-10
 3.1623E+03 1.2010E-08 7.5062E-09 5.4520E-10 4.3493E-10
 3.5481E+03 8.2284E-09 5.1527E-09 3.7538E-10 2.9148E-10
 3.9811E+03 5.6759E-09 3.5469E-09 2.4525E-10 1.9281E-10
 4.4668E+03 3.9049E-09 2.3955E-09 1.6514E-10 1.2478E-10
 5.0119E+03 2.6638E-09 1.6204E-09 1.1200E-10 7.8862E-11
 5.6234E+03 1.8190E-09 1.0988E-09 7.3429E-11 5.1800E-11
 6.3096E+03 1.2386E-09 7.4644E-10 4.7186E-11 3.3662E-11
 7.0795E+03 8.4105E-10 5.0849E-10 3.1152E-11 2.2489E-11
 7.9433E+03 5.6725E-10 3.4171E-10 2.0389E-11 1.5559E-11
 8.9125E+03 3.8347E-10 2.2765E-10 1.3330E-11 1.0341E-11
 1.0000E+04 2.6028E-10 1.5244E-10 8.8272E-12 6.4234E-12
