 1.0000E-01 4.8960E+03 4.9768E+03 2.3425E+03 2.3768E+03
 1.1220E-01 4.3587E+03 4.4289E+03 2.0974E+03 2.1121E+03
 1.2589E-01 3.8622E+03 3.9145E+03 1.8613E+03 1.8586E+03
 1.4125E-01 3.4052E+03 3.4341E+03 1.6440E+03 1.6177E+03
 1.5849E-01 2.9758E+03 2.9976E+03 1.4401E+03 1.3990E+03
 1.7783E-01 2.5794E+03 2.5932E+03 1.2494E+03 1.2077E+03
 1.9953E-01 2.2119E+03 2.2203E+03 1.0777E+03 1.0337E+03
 2.2387E-01 1.8802E+03 1.8870E+03 9.2386E+02 8.7836E+02
 2.5119E-01 1.5891E+03 1.5914E+03 7.8690E+02 7.4155E+02
 2.8184E-01 1.3358E+03 1.3312E+03 6.6392E+02 6.1961E+02
 3.1623E-01 1.1118E+03 1.1059E+03 5.5578E+02 5.1452E+02
 3.5481E-01 9.1900E+02 9.1395E+02 4.6212E+02 4.2413E+02
 3.9811E-01 7.5652E+02 7.5014E+02 3.8095E+02 3.4752E+02
 4.4668E-01 6.1844E+02 6.1056E+02 3.1274E+02 2.8309E+02
 5.0119E-01 5.0294E+02 4.9407E+02 2.5547E+02 2.2863E+02
 5.6234E-01 4.0576E+02 3.9756E+02 2.0653E+02 1.8384E+02
 6.3096E-01 3.2492E+02 3.1760E+02 1.6537E+02 1.4691E+02
 7.0795E-01 2.5909E+02 2.5222E+02 1.3214E+02 1.1605E+02
 7.9433E-01 2.0516E+02 1.9900E+02 1.0458E+02 9.1122E+01
 8.9125E-01 1.6118E+02 1.5576E+02 8.1915E+01 7.0740E+01
 1.0000E+00 1.2702E+02 1.2189E+02 6.4173E+01 5.4756E+01
 1.1220E+00 9.8788E+01 9.4307E+01 4.9611E+01 4.1942E+01
 1.2589E+00 7.6288E+01 7.2451E+01 3.8017E+01 3.1901E+01
 1.4125E+00 5.8856E+01 5.5409E+01 2.8963E+01 2.4080E+01
 1.5849E+00 4.4911E+01 4.2075E+01 2.1868E+01 1.8101E+01
 1.7783E+00 3.4023E+01 3.1747E+01 1.6414E+01 1.3412E+01
 1.9953E+00 2.5685E+01 2.3781E+01 1.2184E+01 9.8638E+00
 2.2387E+00 1.9220E+01 1.7633E+01 8.9668E+00 7.2204E+00
 2.5119E+00 1.4295E+01 1.2984E+01 6.5446E+00 5.2412E+00
 2.8184E+00 1.0570E+01 9.5576E+00 4.7601E+00 3.7752E+00
 3.1623E+00 7.8141E+00 7.0004E+00 3.4356E+00 2.6827E+00
 3.5481E+00 5.7366E+00 5.1017E+00 2.4434E+00 1.8989E+00
 3.9811E+00 4.1883E+00 3.6960E+00 1.7293E+00 1.3343E+00
 4.4668E+00 3.0480E+00 2.6676E+00 1.2165E+00 9.3159E-01
 5.0119E+00 2.2101E+00 1.9136E+00 8.5199E-01 6.4994E-01
 5.6234E+00 1.5957E+00 1.3700E+00 5.9526E-01 4.5326E-01
 6.3096E+00 1.1513E+00 9.7795E-01 4.0975E-01 3.1193E-01
 7.0795E+00 8.2742E-01 6.9654E-01 2.8054E-01 2.1217E-01
 7.9433E+00 5.9543E-01 4.9674E-01 1.9334E-01 1.4504E-01
 8.9125E+00 4.2581E-01 3.5276E-01 1.3196E-01 9.9632E-02
 1.0000E+01 3.0366E-01 2.4996E-01 8.8880E-02 6.6856E-02
 1.1220E+01 2.1694E-01 1.7719E-01 6.0031E-02 4.5211E-02
 1.2589E+01 1.5478E-01 1.2550E-01 4.0460E-02 3.0473E-02
 1.4125E+01 1.1027E-01 8.8822E-02 2.7177E-02 2.0526E-02
 1.5849E+01 7.8705E-02 6.2895E-02 1.8169E-02 1.3758E-02
 1.7783E+01 5.6154E-02 4.4512E-02 1.2179E-02 9.2047E-03
 1.9953E+01 4.0030E-02 3.1495E-02 8.1589E-03 6.1845E-03
 2.2387E+01 2.8523E-02 2.2271E-02 5.4163E-03 4.1522E-03
 2.5119E+01 2.0269E-02 1.5780E-02 3.5926E-03 2.7734E-03
 2.8184E+01 1.4407E-02 1.1165E-02 2.4028E-03 1.8565E-03
 3.1623E+01 1.0429E-02 7.9954E-03 1.6182E-03 1.2519E-03
 3.5481E+01 7.4208E-03 5.6440E-03 1.0764E-03 8.3987E-04
 3.9811E+01 5.2606E-03 3.9786E-03 7.1513E-04 5.5987E-04
 4.4668E+01 3.7336E-03 2.8086E-03 4.7379E-04 3.7252E-04
 5.0119E+01 2.6102E-03 1.9501E-03 3.0790E-04 2.4294E-04
 5.6234E+01 1.8487E-03 1.3726E-03 2.0477E-04 1.6161E-04
 6.3096E+01 1.3087E-03 9.6722E-04 1.3597E-04 1.0807E-04
 7.0795E+01 9.2434E-04 6.7928E-04 9.0294E-05 7.2308E-05
 7.9433E+01 6.5189E-04 4.7619E-04 6.0265E-05 4.8268E-05
 8.9125E+01 4.5997E-04 3.3329E-04 4.0128E-05 3.2326E-05
 1.0000E+02 3.2406E-04 2.3336E-04 2.6790E-05 2.1619E-05
 1.1220E+02 2.2791E-04 1.6344E-04 1.7863E-05 1.4409E-05
 1.2589E+02 1.6022E-04 1.1404E-04 1.1879E-05 9.6785E-06
 1.4125E+02 1.1260E-04 7.9522E-05 7.9401E-06 6.4680E-06
 1.5849E+02 7.8981E-05 5.5383E-05 5.3249E-06 4.3456E-06
 1.7783E+02 5.5294E-05 3.8515E-05 3.5753E-06 2.9178E-06
 1.9953E+02 3.8679E-05 2.6789E-05 2.4099E-06 1.9441E-06
 2.2387E+02 2.7038E-05 1.8659E-05 1.6287E-06 1.3100E-06
 2.5119E+02 1.8925E-05 1.2970E-05 1.0918E-06 8.8959E-07
 2.8184E+02 1.3228E-05 8.9812E-06 7.2343E-07 5.9158E-07
 3.1623E+02 9.2234E-06 6.2151E-06 4.8777E-07 3.9766E-07
 3.5481E+02 6.4290E-06 4.3019E-06 3.3304E-07 2.7004E-07
 3.9811E+02 4.4775E-06 2.9721E-06 2.2571E-07 1.8143E-07
 4.4668E+02 3.1207E-06 2.0551E-06 1.5182E-07 1.2336E-07
 5.0119E+02 2.1703E-06 1.4196E-06 1.0256E-07 8.2618E-08
 5.6234E+02 1.5057E-06 9.7901E-07 6.9403E-08 5.5703E-08
 6.3096E+02 1.0450E-06 6.7437E-07 4.6441E-08 3.7351E-08
 7.0795E+02 7.2317E-07 4.6393E-07 3.1326E-08 2.5099E-08
 7.9433E+02 5.0163E-07 3.1788E-07 2.1129E-08 1.6758E-08
 8.9125E+02 3.4635E-07 2.1794E-07 1.4180E-08 1.0945E-08
 1.0000E+03 2.3824E-07 1.4990E-07 9.5961E-09 7.3617E-09
 1.1220E+03 1.6400E-07 1.0260E-07 6.4591E-09 5.0222E-09
 1.2589E+03 1.1243E-07 6.9971E-08 4.3146E-09 3.3899E-09
 1.4125E+03 7.6940E-08 4.7784E-08 2.8723E-09 2.2558E-09
 1.5849E+03 5.2529E-08 3.2388E-08 1.9351E-09 1.4870E-09
 1.7783E+03 3.5851E-08 2.1950E-08 1.3028E-09 9.8637E-10
 1.9953E+03 2.4424E-08 1.4873E-08 8.6240E-10 6.6586E-10
 2.2387E+03 1.6533E-08 1.0052E-08 5.6021E-10 4.3573E-10
 2.5119E+03 1.1173E-08 6.7733E-09 3.7649E-10 2.8456E-10
 2.8184E+03 7.5490E-09 4.5371E-09 2.5295E-10 1.8726E-10
 3.1623E+03 5.0932E-09 3.0385E-09 1.6567E-10 1.2414E-10
 3.5481E+03 3.4084E-09 2.0298E-09 1.0781E-10 8.5610E-11
 3.9811E+03 2.2770E-09 1.3620E-09 7.2075E-11 5.5812E-11
 4.4668E+03 1.5322E-09 9.0875E-10 4.7577E-11 3.5475E-11
 5.0119E+03 1.0277E-09 6.0042E-10 3.2179E-11 2.3640E-11
 5.6234E+03 6.8496E-10 3.9930E-10 2.2587E-11 1.5215E-11
 6.3096E+03 4.5451E-10 2.6525E-10 1.4450E-11 9.8722E-12
 7.0795E+03 3.0398E-10 1.7705E-10 9.4339E-12 6.8115E-12
 7.9433E+03 2.0277E-10 1.1907E-10 6.2254E-12 4.5305E-12
 8.9125E+03 1.3331E-10 7.8502E-11 4.2888E-12 2.9101E-12
 1.0000E+04 8.7286E-11 5.0923E-11 2.8087E-12 1.8639E-12
