 1.0000E-01 7.2017E+03 7.3303E+03 3.4406E+03 3.4275E+03
 1.1220E-01 6.3041E+03 6.3955E+03 3.0368E+03 2.9998E+03
 1.2589E-01 5.4914E+03 5.5551E+03 2.6526E+03 2.5975E+03
 1.4125E-01 4.7533E+03 4.8009E+03 2.2999E+03 2.2263E+03
 1.5849E-01 4.0824E+03 4.1109E+03 1.9795E+03 1.8948E+03
 1.7783E-01 3.4732E+03 3.4873E+03 1.6898E+03 1.6028E+03
 1.9953E-01 2.9246E+03 2.9320E+03 1.4332E+03 1.3444E+03
 2.2387E-01 2.4378E+03 2.4401E+03 1.2070E+03 1.1192E+03
 2.5119E-01 2.0156E+03 2.0129E+03 1.0062E+03 9.2361E+02
 2.8184E-01 1.6547E+03 1.6479E+03 8.3247E+02 7.5651E+02
 3.1623E-01 1.3481E+03 1.3407E+03 6.8376E+02 6.1560E+02
 3.5481E-01 1.0920E+03 1.0851E+03 5.5724E+02 4.9669E+02
 3.9811E-01 8.7923E+02 8.7308E+02 4.5076E+02 3.9763E+02
 4.4668E-01 7.0362E+02 6.9769E+02 3.6160E+02 3.1675E+02
 5.0119E-01 5.6051E+02 5.5377E+02 2.8833E+02 2.5097E+02
 5.6234E-01 4.4467E+02 4.3716E+02 2.2873E+02 1.9740E+02
 6.3096E-01 3.5077E+02 3.4363E+02 1.8042E+02 1.5457E+02
 7.0795E-01 2.7514E+02 2.6863E+02 1.4129E+02 1.2036E+02
 7.9433E-01 2.1466E+02 2.0870E+02 1.1005E+02 9.3080E+01
 8.9125E-01 1.6689E+02 1.6168E+02 8.5263E+01 7.1497E+01
 1.0000E+00 1.2931E+02 1.2465E+02 6.5608E+01 5.4644E+01
 1.1220E+00 9.9794E+01 9.5584E+01 5.0199E+01 4.1511E+01
 1.2589E+00 7.6719E+01 7.2998E+01 3.8173E+01 3.1379E+01
 1.4125E+00 5.8715E+01 5.5480E+01 2.8884E+01 2.3630E+01
 1.5849E+00 4.4699E+01 4.1943E+01 2.1761E+01 1.7653E+01
 1.7783E+00 3.3836E+01 3.1484E+01 1.6272E+01 1.3096E+01
 1.9953E+00 2.5461E+01 2.3531E+01 1.2083E+01 9.6773E+00
 2.2387E+00 1.9067E+01 1.7521E+01 8.9288E+00 7.0865E+00
 2.5119E+00 1.4207E+01 1.2960E+01 6.5354E+00 5.1759E+00
 2.8184E+00 1.0537E+01 9.5488E+00 4.7649E+00 3.7582E+00
 3.1623E+00 7.7980E+00 7.0004E+00 3.4595E+00 2.7041E+00
 3.5481E+00 5.7392E+00 5.1152E+00 2.4880E+00 1.9351E+00
 3.9811E+00 4.2058E+00 3.7214E+00 1.7819E+00 1.3793E+00
 4.4668E+00 3.0722E+00 2.6980E+00 1.2693E+00 9.7739E-01
 5.0119E+00 2.2367E+00 1.9521E+00 9.0018E-01 6.8978E-01
 5.6234E+00 1.6228E+00 1.4079E+00 6.3554E-01 4.8478E-01
 6.3096E+00 1.1725E+00 1.0115E+00 4.4563E-01 3.3913E-01
 7.0795E+00 8.4537E-01 7.2568E-01 3.1184E-01 2.3693E-01
 7.9433E+00 6.0899E-01 5.1936E-01 2.1704E-01 1.6519E-01
 8.9125E+00 4.3722E-01 3.7090E-01 1.4996E-01 1.1374E-01
 1.0000E+01 3.1286E-01 2.6335E-01 1.0372E-01 7.8241E-02
 1.1220E+01 2.2387E-01 1.8737E-01 7.1394E-02 5.3801E-02
 1.2589E+01 1.6007E-01 1.3312E-01 4.9071E-02 3.6944E-02
 1.4125E+01 1.1441E-01 9.4566E-02 3.3590E-02 2.5330E-02
 1.5849E+01 8.1749E-02 6.7125E-02 2.2943E-02 1.7338E-02
 1.7783E+01 5.8386E-02 4.7645E-02 1.5640E-02 1.1835E-02
 1.9953E+01 4.1632E-02 3.3805E-02 1.0630E-02 8.0619E-03
 2.2387E+01 2.9656E-02 2.3945E-02 7.2214E-03 5.4975E-03
 2.5119E+01 2.1140E-02 1.6939E-02 4.8937E-03 3.7362E-03
 2.8184E+01 1.5059E-02 1.1984E-02 3.3132E-03 2.5417E-03
 3.1623E+01 1.0861E-02 8.5949E-03 2.2665E-03 1.7438E-03
 3.5481E+01 7.7238E-03 6.0778E-03 1.5285E-03 1.1807E-03
 3.9811E+01 5.4841E-03 4.2916E-03 1.0302E-03 8.0095E-04
 4.4668E+01 3.8930E-03 3.0264E-03 6.9322E-04 5.4132E-04
 5.0119E+01 2.7254E-03 2.1054E-03 4.5999E-04 3.5929E-04
 5.6234E+01 1.9317E-03 1.4823E-03 3.0861E-04 2.4174E-04
 6.3096E+01 1.3677E-03 1.0429E-03 2.0717E-04 1.6272E-04
 7.0795E+01 9.6769E-04 7.3297E-04 1.3888E-04 1.0944E-04
 7.9433E+01 6.8401E-04 5.1483E-04 9.2854E-05 7.3420E-05
 8.9125E+01 4.8305E-04 3.6125E-04 6.2129E-05 4.9258E-05
 1.0000E+02 3.4076E-04 2.5310E-04 4.1528E-05 3.3007E-05
 1.1220E+02 2.4017E-04 1.7715E-04 2.7735E-05 2.2078E-05
 1.2589E+02 1.6912E-04 1.2383E-04 1.8505E-05 1.4754E-05
 1.4125E+02 1.1893E-04 8.6475E-05 1.2332E-05 9.8587E-06
 1.5849E+02 8.3577E-05 6.0333E-05 8.2254E-06 6.5892E-06
 1.7783E+02 5.8678E-05 4.2050E-05 5.4806E-06 4.3908E-06
 1.9953E+02 4.1135E-05 2.9279E-05 3.6543E-06 2.9256E-06
 2.2387E+02 2.8811E-05 2.0363E-05 2.4353E-06 1.9532E-06
 2.5119E+02 2.0163E-05 1.4158E-05 1.6211E-06 1.3013E-06
 2.8184E+02 1.4097E-05 9.8340E-06 1.0805E-06 8.6334E-07
 3.1623E+02 9.8527E-06 6.8222E-06 7.1839E-07 5.7627E-07
 3.5481E+02 6.8799E-06 4.7279E-06 4.7806E-07 3.8512E-07
 3.9811E+02 4.7965E-06 3.2706E-06 3.1896E-07 2.5610E-07
 4.4668E+02 3.3401E-06 2.2624E-06 2.1235E-07 1.7042E-07
 5.0119E+02 2.3243E-06 1.5635E-06 1.4122E-07 1.1355E-07
 5.6234E+02 1.6149E-06 1.0790E-06 9.4307E-08 7.5619E-08
 6.3096E+02 1.1216E-06 7.4414E-07 6.2713E-08 5.0299E-08
 7.0795E+02 7.7800E-07 5.1210E-07 4.1717E-08 3.3507E-08
 7.9433E+02 5.3859E-07 3.5187E-07 2.7824E-08 2.2365E-08
 8.9125E+02 3.7234E-07 2.4172E-07 1.8572E-08 1.4868E-08
 1.0000E+03 2.5713E-07 1.6598E-07 1.2395E-08 9.8471E-09
 1.1220E+03 1.7738E-07 1.1362E-07 8.2568E-09 6.5421E-09
 1.2589E+03 1.2210E-07 7.7615E-08 5.4858E-09 4.3592E-09
 1.4125E+03 8.3872E-08 5.3054E-08 3.6538E-09 2.8774E-09
 1.5849E+03 5.7586E-08 3.6229E-08 2.4438E-09 1.9044E-09
 1.7783E+03 3.9443E-08 2.4639E-08 1.6278E-09 1.2685E-09
 1.9953E+03 2.6947E-08 1.6725E-08 1.0824E-09 8.4375E-10
 2.2387E+03 1.8365E-08 1.1354E-08 7.1728E-10 5.5919E-10
 2.5119E+03 1.2498E-08 7.6791E-09 4.7496E-10 3.6906E-10
 2.8184E+03 8.4994E-09 5.1903E-09 3.1320E-10 2.4556E-10
 3.1623E+03 5.7707E-09 3.5037E-09 2.0979E-10 1.6195E-10
 3.5481E+03 3.9019E-09 2.3649E-09 1.4012E-10 1.0702E-10
 3.9811E+03 2.6360E-09 1.5940E-09 9.2888E-11 7.1445E-11
 4.4668E+03 1.7825E-09 1.0687E-09 6.2361E-11 4.6258E-11
 5.0119E+03 1.2002E-09 7.1459E-10 4.1683E-11 2.9913E-11
 5.6234E+03 8.0582E-10 4.7720E-10 2.7772E-11 1.9446E-11
 6.3096E+03 5.4280E-10 3.2000E-10 1.7980E-11 1.2790E-11
 7.0795E+03 3.6379E-10 2.1327E-10 1.1742E-11 8.5637E-12
 7.9433E+03 2.4267E-10 1.4204E-10 7.7118E-12 5.6968E-12
 8.9125E+03 1.6196E-10 9.4549E-11 5.1365E-12 3.6390E-12
 1.0000E+04 1.0773E-10 6.2533E-11 3.4022E-12 2.3306E-12
