 1.0000E-01 7.3783E+03 7.4973E+03 3.5818E+03 3.4624E+03
 1.1220E-01 6.4234E+03 6.5065E+03 3.1427E+03 3.0177E+03
 1.2589E-01 5.5661E+03 5.6146E+03 2.7266E+03 2.6065E+03
 1.4125E-01 4.7962E+03 4.8189E+03 2.3518E+03 2.2267E+03
 1.5849E-01 4.0944E+03 4.1000E+03 2.0131E+03 1.8868E+03
 1.7783E-01 3.4604E+03 3.4595E+03 1.7114E+03 1.5910E+03
 1.9953E-01 2.8912E+03 2.8941E+03 1.4475E+03 1.3290E+03
 2.2387E-01 2.3937E+03 2.3972E+03 1.2152E+03 1.1032E+03
 2.5119E-01 1.9712E+03 1.9678E+03 1.0105E+03 9.1076E+02
 2.8184E-01 1.6080E+03 1.6025E+03 8.3375E+02 7.4608E+02
 3.1623E-01 1.3075E+03 1.2998E+03 6.8240E+02 6.0583E+02
 3.5481E-01 1.0575E+03 1.0483E+03 5.5530E+02 4.8912E+02
 3.9811E-01 8.4704E+02 8.4356E+02 4.4973E+02 3.9227E+02
 4.4668E-01 6.7693E+02 6.7268E+02 3.6021E+02 3.1365E+02
 5.0119E-01 5.3873E+02 5.3173E+02 2.8740E+02 2.4953E+02
 5.6234E-01 4.2608E+02 4.2058E+02 2.2873E+02 1.9627E+02
 6.3096E-01 3.3703E+02 3.3125E+02 1.8076E+02 1.5482E+02
 7.0795E-01 2.6515E+02 2.5950E+02 1.4257E+02 1.2147E+02
 7.9433E-01 2.0703E+02 2.0250E+02 1.1152E+02 9.4576E+01
 8.9125E-01 1.6138E+02 1.5751E+02 8.6326E+01 7.3534E+01
 1.0000E+00 1.2604E+02 1.2226E+02 6.7255E+01 5.6605E+01
 1.1220E+00 9.7657E+01 9.4369E+01 5.1888E+01 4.3449E+01
 1.2589E+00 7.5536E+01 7.2462E+01 3.9703E+01 3.3235E+01
 1.4125E+00 5.8018E+01 5.5316E+01 3.0203E+01 2.5101E+01
 1.5849E+00 4.4394E+01 4.2106E+01 2.2904E+01 1.8849E+01
 1.7783E+00 3.3838E+01 3.1900E+01 1.7352E+01 1.4119E+01
 1.9953E+00 2.5527E+01 2.3978E+01 1.2976E+01 1.0502E+01
 2.2387E+00 1.9242E+01 1.7906E+01 9.6329E+00 7.7043E+00
 2.5119E+00 1.4433E+01 1.3358E+01 7.1355E+00 5.6850E+00
 2.8184E+00 1.0754E+01 9.8925E+00 5.2401E+00 4.1550E+00
 3.1623E+00 7.9867E+00 7.2959E+00 3.8029E+00 2.9807E+00
 3.5481E+00 5.9016E+00 5.3529E+00 2.7362E+00 2.1380E+00
 3.9811E+00 4.3276E+00 3.9073E+00 1.9660E+00 1.5292E+00
 4.4668E+00 3.1664E+00 2.8385E+00 1.4000E+00 1.0850E+00
 5.0119E+00 2.3061E+00 2.0511E+00 9.8923E-01 7.6412E-01
 5.6234E+00 1.6716E+00 1.4792E+00 6.9639E-01 5.3597E-01
 6.3096E+00 1.2099E+00 1.0623E+00 4.8911E-01 3.7380E-01
 7.0795E+00 8.7368E-01 7.6114E-01 3.3983E-01 2.5570E-01
 7.9433E+00 6.2960E-01 5.4311E-01 2.3359E-01 1.7612E-01
 8.9125E+00 4.5270E-01 3.8378E-01 1.6043E-01 1.2262E-01
 1.0000E+01 3.2241E-01 2.7394E-01 1.1053E-01 8.3047E-02
 1.1220E+01 2.3066E-01 1.9443E-01 7.5384E-02 5.6549E-02
 1.2589E+01 1.6474E-01 1.3782E-01 5.1149E-02 3.8493E-02
 1.4125E+01 1.1771E-01 9.7565E-02 3.4600E-02 2.6126E-02
 1.5849E+01 8.4028E-02 6.9119E-02 2.3339E-02 1.7628E-02
 1.7783E+01 6.0014E-02 4.8997E-02 1.5698E-02 1.1918E-02
 1.9953E+01 4.2795E-02 3.4655E-02 1.0550E-02 8.0300E-03
 2.2387E+01 3.0454E-02 2.4476E-02 7.0770E-03 5.3784E-03
 2.5119E+01 2.1747E-02 1.7337E-02 4.7362E-03 3.6156E-03
 2.8184E+01 1.5527E-02 1.2268E-02 3.1546E-03 2.4320E-03
 3.1623E+01 1.1185E-02 8.7830E-03 2.1345E-03 1.6446E-03
 3.5481E+01 7.9589E-03 6.2070E-03 1.4220E-03 1.1000E-03
 3.9811E+01 5.6559E-03 4.3863E-03 9.4852E-04 7.3630E-04
 4.4668E+01 4.0181E-03 3.0965E-03 6.2889E-04 4.9321E-04
 5.0119E+01 2.8147E-03 2.1584E-03 4.1062E-04 3.2253E-04
 5.6234E+01 2.0011E-03 1.5203E-03 2.7187E-04 2.1397E-04
 6.3096E+01 1.4174E-03 1.0691E-03 1.7987E-04 1.4261E-04
 7.0795E+01 1.0039E-03 7.5193E-04 1.1936E-04 9.5096E-05
 7.9433E+01 7.1039E-04 5.2919E-04 7.9203E-05 6.3387E-05
 8.9125E+01 5.0198E-04 3.7156E-04 5.2770E-05 4.2226E-05
 1.0000E+02 3.5420E-04 2.6043E-04 3.5037E-05 2.7999E-05
 1.1220E+02 2.4958E-04 1.8227E-04 2.3152E-05 1.8636E-05
 1.2589E+02 1.7581E-04 1.2735E-04 1.5424E-05 1.2425E-05
 1.4125E+02 1.2357E-04 8.8911E-05 1.0271E-05 8.2936E-06
 1.5849E+02 8.6826E-05 6.2037E-05 6.8352E-06 5.5150E-06
 1.7783E+02 6.1034E-05 4.3282E-05 4.5551E-06 3.6658E-06
 1.9953E+02 4.2802E-05 3.0147E-05 3.0420E-06 2.4689E-06
 2.2387E+02 2.9980E-05 2.0938E-05 2.0331E-06 1.6548E-06
 2.5119E+02 2.0943E-05 1.4557E-05 1.3610E-06 1.0981E-06
 2.8184E+02 1.4620E-05 1.0124E-05 9.1062E-07 7.3704E-07
 3.1623E+02 1.0234E-05 7.0180E-06 6.1075E-07 4.9669E-07
 3.5481E+02 7.1555E-06 4.8613E-06 4.0890E-07 3.3431E-07
 3.9811E+02 4.9957E-06 3.3679E-06 2.7461E-07 2.2526E-07
 4.4668E+02 3.4833E-06 2.3335E-06 1.8537E-07 1.5155E-07
 5.0119E+02 2.4233E-06 1.6142E-06 1.2452E-07 1.0096E-07
 5.6234E+02 1.6858E-06 1.1166E-06 8.3256E-08 6.7519E-08
 6.3096E+02 1.1710E-06 7.7124E-07 5.5820E-08 4.5622E-08
 7.0795E+02 8.1324E-07 5.3085E-07 3.7518E-08 3.0569E-08
 7.9433E+02 5.6570E-07 3.6520E-07 2.5365E-08 2.0441E-08
 8.9125E+02 3.9182E-07 2.5108E-07 1.7343E-08 1.3605E-08
 1.0000E+03 2.7054E-07 1.7228E-07 1.1657E-08 9.0666E-09
 1.1220E+03 1.8704E-07 1.1810E-07 7.7267E-09 6.1193E-09
 1.2589E+03 1.2888E-07 8.0919E-08 5.1560E-09 4.1255E-09
 1.4125E+03 8.8658E-08 5.5447E-08 3.4858E-09 2.7821E-09
 1.5849E+03 6.0851E-08 3.7791E-08 2.3539E-09 1.8468E-09
 1.7783E+03 4.1578E-08 2.5692E-08 1.5493E-09 1.2136E-09
 1.9953E+03 2.8467E-08 1.7413E-08 1.0403E-09 8.0768E-10
 2.2387E+03 1.9401E-08 1.1793E-08 6.9630E-10 5.3782E-10
 2.5119E+03 1.3220E-08 8.0131E-09 4.5855E-10 3.5243E-10
 2.8184E+03 8.9445E-09 5.3909E-09 3.1375E-10 2.3349E-10
 3.1623E+03 6.0213E-09 3.6303E-09 2.0657E-10 1.5396E-10
 3.5481E+03 4.0874E-09 2.4593E-09 1.3296E-10 9.9994E-11
 3.9811E+03 2.7612E-09 1.6492E-09 8.8327E-11 6.7865E-11
 4.4668E+03 1.8563E-09 1.0997E-09 5.9721E-11 4.4366E-11
 5.0119E+03 1.2453E-09 7.3169E-10 3.8908E-11 2.8310E-11
 5.6234E+03 8.2775E-10 4.8649E-10 2.5840E-11 1.9385E-11
 6.3096E+03 5.5714E-10 3.2557E-10 1.6278E-11 1.3151E-11
 7.0795E+03 3.7157E-10 2.1321E-10 1.1034E-11 8.7778E-12
 7.9433E+03 2.4647E-10 1.4034E-10 7.7793E-12 5.7684E-12
 8.9125E+03 1.6337E-10 9.4653E-11 4.8747E-12 3.3505E-12
 1.0000E+04 1.0774E-10 6.3016E-11 3.2429E-12 2.2116E-12
