 1.0000E-01 6.6653E+03 6.7652E+03 3.2505E+03 3.1514E+03
 1.1220E-01 5.9239E+03 5.9896E+03 2.9014E+03 2.7941E+03
 1.2589E-01 5.2362E+03 5.2704E+03 2.5608E+03 2.4508E+03
 1.4125E-01 4.5961E+03 4.6138E+03 2.2435E+03 2.1293E+03
 1.5849E-01 3.9950E+03 4.0017E+03 1.9484E+03 1.8352E+03
 1.7783E-01 3.4334E+03 3.4341E+03 1.6803E+03 1.5670E+03
 1.9953E-01 2.9188E+03 2.9166E+03 1.4380E+03 1.3279E+03
 2.2387E-01 2.4559E+03 2.4517E+03 1.2201E+03 1.1154E+03
 2.5119E-01 2.0477E+03 2.0387E+03 1.0273E+03 9.2978E+02
 2.8184E-01 1.6942E+03 1.6796E+03 8.5525E+02 7.6792E+02
 3.1623E-01 1.3890E+03 1.3757E+03 7.0648E+02 6.2789E+02
 3.5481E-01 1.1313E+03 1.1187E+03 5.7738E+02 5.0951E+02
 3.9811E-01 9.1469E+02 9.0102E+02 4.6719E+02 4.1070E+02
 4.4668E-01 7.3301E+02 7.2134E+02 3.7579E+02 3.2804E+02
 5.0119E-01 5.8465E+02 5.7361E+02 2.9956E+02 2.6009E+02
 5.6234E-01 4.6333E+02 4.5169E+02 2.3700E+02 2.0443E+02
 6.3096E-01 3.6416E+02 3.5408E+02 1.8633E+02 1.5940E+02
 7.0795E-01 2.8460E+02 2.7619E+02 1.4515E+02 1.2384E+02
 7.9433E-01 2.2127E+02 2.1397E+02 1.1258E+02 9.5443E+01
 8.9125E-01 1.7083E+02 1.6502E+02 8.6580E+01 7.2685E+01
 1.0000E+00 1.3233E+02 1.2680E+02 6.6317E+01 5.5295E+01
 1.1220E+00 1.0162E+02 9.6591E+01 5.0403E+01 4.1578E+01
 1.2589E+00 7.7686E+01 7.3282E+01 3.7964E+01 3.1135E+01
 1.4125E+00 5.9111E+01 5.5313E+01 2.8317E+01 2.3258E+01
 1.5849E+00 4.4671E+01 4.1591E+01 2.1092E+01 1.7198E+01
 1.7783E+00 3.3520E+01 3.1044E+01 1.5553E+01 1.2569E+01
 1.9953E+00 2.5143E+01 2.2984E+01 1.1392E+01 9.1668E+00
 2.2387E+00 1.8776E+01 1.7009E+01 8.3102E+00 6.6412E+00
 2.5119E+00 1.3890E+01 1.2519E+01 6.0207E+00 4.7453E+00
 2.8184E+00 1.0227E+01 9.1467E+00 4.3417E+00 3.3861E+00
 3.1623E+00 7.5285E+00 6.6424E+00 3.0894E+00 2.4091E+00
 3.5481E+00 5.5099E+00 4.8242E+00 2.1823E+00 1.6933E+00
 3.9811E+00 4.0212E+00 3.4810E+00 1.5341E+00 1.1856E+00
 4.4668E+00 2.9223E+00 2.5053E+00 1.0759E+00 8.2659E-01
 5.0119E+00 2.1185E+00 1.8011E+00 7.4670E-01 5.6860E-01
 5.6234E+00 1.5308E+00 1.2928E+00 5.1747E-01 3.9060E-01
 6.3096E+00 1.1051E+00 9.2486E-01 3.5640E-01 2.6911E-01
 7.0795E+00 7.9315E-01 6.5826E-01 2.4400E-01 1.8266E-01
 7.9433E+00 5.6832E-01 4.6917E-01 1.6549E-01 1.2494E-01
 8.9125E+00 4.0671E-01 3.3312E-01 1.1220E-01 8.4444E-02
 1.0000E+01 2.9054E-01 2.3417E-01 7.5799E-02 5.7183E-02
 1.1220E+01 2.0720E-01 1.6605E-01 5.1056E-02 3.8506E-02
 1.2589E+01 1.4779E-01 1.1764E-01 3.4259E-02 2.5838E-02
 1.4125E+01 1.0552E-01 8.3268E-02 2.2970E-02 1.7325E-02
 1.5849E+01 7.5140E-02 5.8922E-02 1.5313E-02 1.1622E-02
 1.7783E+01 5.3586E-02 4.1683E-02 1.0164E-02 7.8169E-03
 1.9953E+01 3.8221E-02 2.9484E-02 6.7444E-03 5.2339E-03
 2.2387E+01 2.7168E-02 2.0821E-02 4.4958E-03 3.4875E-03
 2.5119E+01 1.9345E-02 1.4752E-02 2.9969E-03 2.3190E-03
 2.8184E+01 1.3778E-02 1.0427E-02 1.9916E-03 1.5483E-03
 3.1623E+01 9.9275E-03 7.4756E-03 1.3465E-03 1.0501E-03
 3.5481E+01 7.0431E-03 5.2727E-03 8.9481E-04 7.0133E-04
 3.9811E+01 4.9830E-03 3.7168E-03 5.9706E-04 4.6855E-04
 4.4668E+01 3.5329E-03 2.6185E-03 3.9764E-04 3.1476E-04
 5.0119E+01 2.4595E-03 1.8149E-03 2.5654E-04 2.0438E-04
 5.6234E+01 1.7397E-03 1.2747E-03 1.7064E-04 1.3663E-04
 6.3096E+01 1.2283E-03 8.9467E-04 1.1311E-04 9.1036E-05
 7.0795E+01 8.6635E-04 6.2651E-04 7.5277E-05 6.0636E-05
 7.9433E+01 6.0967E-04 4.3938E-04 5.0049E-05 4.0492E-05
 8.9125E+01 4.2998E-04 3.0813E-04 3.3666E-05 2.7117E-05
 1.0000E+02 3.0248E-04 2.1493E-04 2.2644E-05 1.8228E-05
 1.1220E+02 2.1212E-04 1.4982E-04 1.5113E-05 1.2288E-05
 1.2589E+02 1.4888E-04 1.0446E-04 1.0140E-05 8.2344E-06
 1.4125E+02 1.0436E-04 7.2708E-05 6.8099E-06 5.5217E-06
 1.5849E+02 7.3021E-05 5.0666E-05 4.5516E-06 3.7265E-06
 1.7783E+02 5.1058E-05 3.5204E-05 3.0545E-06 2.4965E-06
 1.9953E+02 3.5692E-05 2.4389E-05 2.0705E-06 1.6801E-06
 2.2387E+02 2.4884E-05 1.6916E-05 1.3931E-06 1.1289E-06
 2.5119E+02 1.7355E-05 1.1750E-05 9.3802E-07 7.5628E-07
 2.8184E+02 1.2094E-05 8.1443E-06 6.2979E-07 5.1156E-07
 3.1623E+02 8.4429E-06 5.6273E-06 4.2560E-07 3.4708E-07
 3.5481E+02 5.8948E-06 3.8899E-06 2.8955E-07 2.3461E-07
 3.9811E+02 4.0988E-06 2.6893E-06 1.9444E-07 1.5830E-07
 4.4668E+02 2.8404E-06 1.8567E-06 1.3104E-07 1.0701E-07
 5.0119E+02 1.9711E-06 1.2823E-06 8.9107E-08 7.1402E-08
 5.6234E+02 1.3694E-06 8.8380E-07 6.0328E-08 4.8149E-08
 6.3096E+02 9.4850E-07 6.0846E-07 4.0737E-08 3.2116E-08
 7.0795E+02 6.5649E-07 4.1683E-07 2.7341E-08 2.1346E-08
 7.9433E+02 4.5262E-07 2.8454E-07 1.8221E-08 1.4505E-08
 8.9125E+02 3.1056E-07 1.9455E-07 1.2138E-08 9.6656E-09
 1.0000E+03 2.1304E-07 1.3314E-07 8.1761E-09 6.4079E-09
 1.1220E+03 1.4626E-07 9.0946E-08 5.5314E-09 4.2763E-09
 1.2589E+03 1.0022E-07 6.1661E-08 3.6739E-09 2.8388E-09
 1.4125E+03 6.8352E-08 4.1785E-08 2.4297E-09 1.9064E-09
 1.5849E+03 4.6467E-08 2.8380E-08 1.6337E-09 1.2844E-09
 1.7783E+03 3.1586E-08 1.9210E-08 1.0994E-09 8.4981E-10
 1.9953E+03 2.1393E-08 1.2964E-08 7.5049E-10 5.6581E-10
 2.2387E+03 1.4461E-08 8.7144E-09 5.0755E-10 3.7703E-10
 2.5119E+03 9.7713E-09 5.8278E-09 3.2018E-10 2.4883E-10
 2.8184E+03 6.5232E-09 3.9113E-09 2.0425E-10 1.6684E-10
 3.1623E+03 4.3639E-09 2.6199E-09 1.3814E-10 1.1027E-10
 3.5481E+03 2.9444E-09 1.7357E-09 9.2859E-11 6.9617E-11
 3.9811E+03 1.9627E-09 1.1530E-09 6.2341E-11 4.5510E-11
 4.4668E+03 1.3135E-09 7.7141E-10 4.1980E-11 2.9490E-11
 5.0119E+03 8.8266E-10 5.1099E-10 2.7677E-11 1.9419E-11
 5.6234E+03 5.8370E-10 3.3827E-10 1.8063E-11 1.2995E-11
 6.3096E+03 3.8743E-10 2.2272E-10 1.1556E-11 8.4020E-12
 7.0795E+03 2.5739E-10 1.4659E-10 7.8307E-12 5.6826E-12
 7.9433E+03 1.7015E-10 9.7689E-11 5.0780E-12 3.9375E-12
 8.9125E+03 1.1113E-10 6.4597E-11 3.2092E-12 2.4205E-12
 1.0000E+04 7.3231E-11 4.2286E-11 2.1705E-12 1.4612E-12
