 1.0000E-01 6.0027E+03 6.0743E+03 2.9527E+03 2.8467E+03
 1.1220E-01 5.4282E+03 5.4907E+03 2.6690E+03 2.5534E+03
 1.2589E-01 4.8778E+03 4.9234E+03 2.3886E+03 2.2639E+03
 1.4125E-01 4.3448E+03 4.3725E+03 2.1130E+03 1.9882E+03
 1.5849E-01 3.8218E+03 3.8391E+03 1.8492E+03 1.7283E+03
 1.7783E-01 3.3197E+03 3.3295E+03 1.6046E+03 1.4857E+03
 1.9953E-01 2.8508E+03 2.8528E+03 1.3780E+03 1.2658E+03
 2.2387E-01 2.4195E+03 2.4123E+03 1.1714E+03 1.0667E+03
 2.5119E-01 2.0272E+03 2.0183E+03 9.8598E+02 8.8718E+02
 2.8184E-01 1.6820E+03 1.6704E+03 8.2052E+02 7.3204E+02
 3.1623E-01 1.3832E+03 1.3685E+03 6.7418E+02 5.9820E+02
 3.5481E-01 1.1256E+03 1.1124E+03 5.4793E+02 4.8261E+02
 3.9811E-01 9.0867E+02 8.9639E+02 4.4094E+02 3.8586E+02
 4.4668E-01 7.2904E+02 7.1538E+02 3.5184E+02 3.0616E+02
 5.0119E-01 5.7989E+02 5.6596E+02 2.7801E+02 2.4056E+02
 5.6234E-01 4.5756E+02 4.4467E+02 2.1812E+02 1.8714E+02
 6.3096E-01 3.5860E+02 3.4597E+02 1.6977E+02 1.4410E+02
 7.0795E-01 2.7938E+02 2.6789E+02 1.3093E+02 1.1016E+02
 7.9433E-01 2.1645E+02 2.0620E+02 1.0058E+02 8.3771E+01
 8.9125E-01 1.6649E+02 1.5776E+02 7.6310E+01 6.3218E+01
 1.0000E+00 1.2811E+02 1.2037E+02 5.7442E+01 4.7524E+01
 1.1220E+00 9.7890E+01 9.1092E+01 4.2940E+01 3.5273E+01
 1.2589E+00 7.4308E+01 6.8626E+01 3.1845E+01 2.6009E+01
 1.4125E+00 5.6180E+01 5.1417E+01 2.3490E+01 1.9067E+01
 1.5849E+00 4.2371E+01 3.8251E+01 1.7264E+01 1.3896E+01
 1.7783E+00 3.1786E+01 2.8285E+01 1.2599E+01 1.0069E+01
 1.9953E+00 2.3634E+01 2.0841E+01 9.1161E+00 7.1925E+00
 2.2387E+00 1.7462E+01 1.5285E+01 6.5298E+00 5.1227E+00
 2.5119E+00 1.2875E+01 1.1110E+01 4.6347E+00 3.6433E+00
 2.8184E+00 9.4579E+00 8.0668E+00 3.2708E+00 2.5501E+00
 3.1623E+00 6.9493E+00 5.8636E+00 2.2988E+00 1.7827E+00
 3.5481E+00 5.0699E+00 4.2247E+00 1.6035E+00 1.2346E+00
 3.9811E+00 3.6855E+00 3.0332E+00 1.1135E+00 8.5052E-01
 4.4668E+00 2.6706E+00 2.1788E+00 7.6761E-01 5.8603E-01
 5.0119E+00 1.9293E+00 1.5613E+00 5.2495E-01 4.0034E-01
 5.6234E+00 1.3910E+00 1.1134E+00 3.5759E-01 2.7239E-01
 6.3096E+00 1.0001E+00 7.9437E-01 2.4235E-01 1.8563E-01
 7.0795E+00 7.1780E-01 5.6560E-01 1.6407E-01 1.2532E-01
 7.9433E+00 5.1436E-01 4.0122E-01 1.1082E-01 8.3981E-02
 8.9125E+00 3.6785E-01 2.8461E-01 7.3986E-02 5.6187E-02
 1.0000E+01 2.6186E-01 2.0100E-01 4.9614E-02 3.7635E-02
 1.1220E+01 1.8669E-01 1.4242E-01 3.3143E-02 2.5185E-02
 1.2589E+01 1.3282E-01 1.0078E-01 2.2079E-02 1.6851E-02
 1.4125E+01 9.4560E-02 7.1356E-02 1.4702E-02 1.1275E-02
 1.5849E+01 6.7336E-02 5.0468E-02 9.7585E-03 7.5111E-03
 1.7783E+01 4.7907E-02 3.5667E-02 6.4814E-03 4.9961E-03
 1.9953E+01 3.4015E-02 2.5222E-02 4.3081E-03 3.3318E-03
 2.2387E+01 2.4150E-02 1.7850E-02 2.8684E-03 2.2301E-03
 2.5119E+01 1.7137E-02 1.2611E-02 1.9067E-03 1.4955E-03
 2.8184E+01 1.2151E-02 8.8931E-03 1.2689E-03 9.9872E-04
 3.1623E+01 8.7231E-03 6.3506E-03 8.5866E-04 6.7761E-04
 3.5481E+01 6.1692E-03 4.4689E-03 5.7445E-04 4.5439E-04
 3.9811E+01 4.3555E-03 3.1381E-03 3.8227E-04 3.0527E-04
 4.4668E+01 3.0759E-03 2.2054E-03 2.5505E-04 2.0553E-04
 5.0119E+01 2.1332E-03 1.5208E-03 1.6655E-04 1.3341E-04
 5.6234E+01 1.5026E-03 1.0653E-03 1.1132E-04 8.9448E-05
 6.3096E+01 1.0561E-03 7.4588E-04 7.4373E-05 6.0549E-05
 7.0795E+01 7.4097E-04 5.2063E-04 4.9852E-05 4.0736E-05
 7.9433E+01 5.1956E-04 3.6371E-04 3.3888E-05 2.7509E-05
 8.9125E+01 3.6453E-04 2.5442E-04 2.3031E-05 1.8572E-05
 1.0000E+02 2.5543E-04 1.7695E-04 1.5397E-05 1.2524E-05
 1.1220E+02 1.7880E-04 1.2301E-04 1.0366E-05 8.4814E-06
 1.2589E+02 1.2510E-04 8.5512E-05 7.0228E-06 5.7049E-06
 1.4125E+02 8.7462E-05 5.9373E-05 4.7535E-06 3.8486E-06
 1.5849E+02 6.1107E-05 4.1170E-05 3.2080E-06 2.6196E-06
 1.7783E+02 4.2613E-05 2.8499E-05 2.1622E-06 1.7808E-06
 1.9953E+02 2.9700E-05 1.9730E-05 1.4677E-06 1.1959E-06
 2.2387E+02 2.0681E-05 1.3656E-05 9.9549E-07 8.0551E-07
 2.5119E+02 1.4370E-05 9.4431E-06 6.7353E-07 5.5266E-07
 2.8184E+02 9.9787E-06 6.4974E-06 4.5561E-07 3.7407E-07
 3.1623E+02 6.9353E-06 4.4890E-06 3.0836E-07 2.5015E-07
 3.5481E+02 4.8126E-06 3.1054E-06 2.0856E-07 1.6716E-07
 3.9811E+02 3.3287E-06 2.1376E-06 1.4062E-07 1.1299E-07
 4.4668E+02 2.3016E-06 1.4702E-06 9.4903E-08 7.6282E-08
 5.0119E+02 1.5875E-06 1.0091E-06 6.3992E-08 5.0836E-08
 5.6234E+02 1.0936E-06 6.9146E-07 4.3488E-08 3.4241E-08
 6.3096E+02 7.5276E-07 4.7147E-07 2.9123E-08 2.2962E-08
 7.0795E+02 5.1700E-07 3.2159E-07 1.9382E-08 1.5248E-08
 7.9433E+02 3.5383E-07 2.1905E-07 1.3063E-08 9.9764E-09
 8.9125E+02 2.4092E-07 1.4921E-07 8.7680E-09 6.7635E-09
 1.0000E+03 1.6458E-07 1.0138E-07 5.8548E-09 4.5321E-09
 1.1220E+03 1.1202E-07 6.8528E-08 3.9101E-09 2.9693E-09
 1.2589E+03 7.5724E-08 4.6191E-08 2.5776E-09 2.0074E-09
 1.4125E+03 5.1284E-08 3.1143E-08 1.7322E-09 1.3146E-09
 1.5849E+03 3.4801E-08 2.0999E-08 1.1742E-09 8.6558E-10
 1.7783E+03 2.3401E-08 1.4068E-08 7.6736E-10 5.7535E-10
 1.9953E+03 1.5653E-08 9.4119E-09 4.9982E-10 3.7597E-10
 2.2387E+03 1.0496E-08 6.2451E-09 3.2627E-10 2.5333E-10
 2.5119E+03 7.0177E-09 4.1618E-09 2.1546E-10 1.6659E-10
 2.8184E+03 4.6782E-09 2.7852E-09 1.4398E-10 1.0916E-10
 3.1623E+03 3.1296E-09 1.8508E-09 9.7182E-11 7.1755E-11
 3.5481E+03 2.0730E-09 1.2270E-09 6.2812E-11 4.6352E-11
 3.9811E+03 1.3695E-09 8.0861E-10 4.1853E-11 3.0895E-11
 4.4668E+03 9.0930E-10 5.3088E-10 2.8017E-11 2.0354E-11
 5.0119E+03 6.0554E-10 3.5311E-10 1.8218E-11 1.2964E-11
 5.6234E+03 3.9823E-10 2.3290E-10 1.2125E-11 8.4784E-12
 6.3096E+03 2.6331E-10 1.5277E-10 7.7309E-12 5.6416E-12
 7.0795E+03 1.7537E-10 1.0143E-10 5.0296E-12 3.7230E-12
 7.9433E+03 1.1540E-10 6.6143E-11 3.3722E-12 2.2783E-12
 8.9125E+03 7.5867E-11 4.3191E-11 2.1914E-12 1.3898E-12
 1.0000E+04 4.9679E-11 2.8550E-11 1.4246E-12 9.6326E-13
