 1.0000E-01 5.4879E+03 5.5920E+03 2.6205E+03 2.6464E+03
 1.1220E-01 4.8410E+03 4.9184E+03 2.3285E+03 2.3306E+03
 1.2589E-01 4.2449E+03 4.3020E+03 2.0543E+03 2.0316E+03
 1.4125E-01 3.7032E+03 3.7572E+03 1.7954E+03 1.7589E+03
 1.5849E-01 3.2098E+03 3.2549E+03 1.5611E+03 1.5090E+03
 1.7783E-01 2.7570E+03 2.7848E+03 1.3475E+03 1.2900E+03
 1.9953E-01 2.3509E+03 2.3584E+03 1.1565E+03 1.0978E+03
 2.2387E-01 1.9832E+03 1.9860E+03 9.8546E+02 9.2713E+02
 2.5119E-01 1.6583E+03 1.6645E+03 8.3004E+02 7.7605E+02
 2.8184E-01 1.3804E+03 1.3837E+03 6.9805E+02 6.4477E+02
 3.1623E-01 1.1432E+03 1.1415E+03 5.8497E+02 5.3279E+02
 3.5481E-01 9.4129E+02 9.3761E+02 4.8515E+02 4.3723E+02
 3.9811E-01 7.7029E+02 7.6746E+02 3.9830E+02 3.5682E+02
 4.4668E-01 6.2696E+02 6.2348E+02 3.2402E+02 2.8968E+02
 5.0119E-01 5.0747E+02 5.0211E+02 2.6272E+02 2.3441E+02
 5.6234E-01 4.0843E+02 4.0301E+02 2.1240E+02 1.8771E+02
 6.3096E-01 3.2697E+02 3.2206E+02 1.7068E+02 1.5014E+02
 7.0795E-01 2.6070E+02 2.5560E+02 1.3646E+02 1.1936E+02
 7.9433E-01 2.0625E+02 2.0128E+02 1.0809E+02 9.3564E+01
 8.9125E-01 1.6259E+02 1.5757E+02 8.5338E+01 7.2827E+01
 1.0000E+00 1.2806E+02 1.2375E+02 6.7129E+01 5.7130E+01
 1.1220E+00 9.9742E+01 9.5937E+01 5.2176E+01 4.4108E+01
 1.2589E+00 7.7557E+01 7.4105E+01 4.0262E+01 3.3776E+01
 1.4125E+00 5.9839E+01 5.6987E+01 3.0802E+01 2.5697E+01
 1.5849E+00 4.5745E+01 4.3522E+01 2.3387E+01 1.9360E+01
 1.7783E+00 3.4831E+01 3.2867E+01 1.7695E+01 1.4495E+01
 1.9953E+00 2.6332E+01 2.4619E+01 1.3300E+01 1.0817E+01
 2.2387E+00 1.9789E+01 1.8398E+01 9.8801E+00 7.9709E+00
 2.5119E+00 1.4821E+01 1.3672E+01 7.2865E+00 5.8504E+00
 2.8184E+00 1.0986E+01 1.0096E+01 5.3416E+00 4.2535E+00
 3.1623E+00 8.1283E+00 7.4360E+00 3.8684E+00 3.0405E+00
 3.5481E+00 5.9844E+00 5.4385E+00 2.7898E+00 2.1782E+00
 3.9811E+00 4.3757E+00 3.9620E+00 1.9982E+00 1.5499E+00
 4.4668E+00 3.1964E+00 2.8741E+00 1.4151E+00 1.0901E+00
 5.0119E+00 2.3248E+00 2.0685E+00 9.9484E-01 7.6412E-01
 5.6234E+00 1.6809E+00 1.4837E+00 6.9957E-01 5.3467E-01
 6.3096E+00 1.2139E+00 1.0625E+00 4.9007E-01 3.6956E-01
 7.0795E+00 8.7444E-01 7.6021E-01 3.4067E-01 2.5624E-01
 7.9433E+00 6.3147E-01 5.4146E-01 2.3500E-01 1.7676E-01
 8.9125E+00 4.5203E-01 3.8597E-01 1.6139E-01 1.2062E-01
 1.0000E+01 3.2203E-01 2.7328E-01 1.0960E-01 8.2319E-02
 1.1220E+01 2.2998E-01 1.9364E-01 7.4535E-02 5.5987E-02
 1.2589E+01 1.6435E-01 1.3718E-01 5.0464E-02 3.7944E-02
 1.4125E+01 1.1745E-01 9.7081E-02 3.4135E-02 2.5590E-02
 1.5849E+01 8.3664E-02 6.8714E-02 2.3000E-02 1.7263E-02
 1.7783E+01 5.9691E-02 4.8661E-02 1.5492E-02 1.1679E-02
 1.9953E+01 4.2626E-02 3.4447E-02 1.0400E-02 7.8703E-03
 2.2387E+01 3.0353E-02 2.4376E-02 6.9172E-03 5.2471E-03
 2.5119E+01 2.1620E-02 1.7247E-02 4.6245E-03 3.5277E-03
 2.8184E+01 1.5427E-02 1.2183E-02 3.1012E-03 2.3767E-03
 3.1623E+01 1.1156E-02 8.7527E-03 2.0952E-03 1.6051E-03
 3.5481E+01 7.9371E-03 6.1903E-03 1.3923E-03 1.0753E-03
 3.9811E+01 5.6495E-03 4.3742E-03 9.2359E-04 7.1823E-04
 4.4668E+01 4.0203E-03 3.0889E-03 6.1297E-04 4.7744E-04
 5.0119E+01 2.8073E-03 2.1489E-03 4.0158E-04 3.1543E-04
 5.6234E+01 1.9963E-03 1.5140E-03 2.6595E-04 2.0931E-04
 6.3096E+01 1.4142E-03 1.0649E-03 1.7599E-04 1.3953E-04
 7.0795E+01 1.0018E-03 7.4925E-04 1.1681E-04 9.3064E-05
 7.9433E+01 7.0905E-04 5.2744E-04 7.7535E-05 6.2052E-05
 8.9125E+01 5.0113E-04 3.7042E-04 5.1702E-05 4.1371E-05
 1.0000E+02 3.5366E-04 2.5970E-04 3.4332E-05 2.7436E-05
 1.1220E+02 2.4921E-04 1.8179E-04 2.2704E-05 1.8276E-05
 1.2589E+02 1.7557E-04 1.2704E-04 1.5147E-05 1.2202E-05
 1.4125E+02 1.2342E-04 8.8719E-05 1.0095E-05 8.1514E-06
 1.5849E+02 8.6734E-05 6.1907E-05 6.7241E-06 5.4254E-06
 1.7783E+02 6.0979E-05 4.3200E-05 4.4787E-06 3.6042E-06
 1.9953E+02 4.2764E-05 3.0097E-05 2.9944E-06 2.4303E-06
 2.2387E+02 2.9956E-05 2.0910E-05 2.0053E-06 1.6321E-06
 2.5119E+02 2.0929E-05 1.4541E-05 1.3433E-06 1.0837E-06
 2.8184E+02 1.4610E-05 1.0112E-05 8.9864E-07 7.2735E-07
 3.1623E+02 1.0229E-05 7.0098E-06 6.0342E-07 4.9073E-07
 3.5481E+02 7.1517E-06 4.8567E-06 4.0495E-07 3.3108E-07
 3.9811E+02 4.9934E-06 3.3651E-06 2.7211E-07 2.2321E-07
 4.4668E+02 3.4821E-06 2.3318E-06 1.8379E-07 1.5026E-07
 5.0119E+02 2.4226E-06 1.6132E-06 1.2361E-07 1.0022E-07
 5.6234E+02 1.6853E-06 1.1160E-06 8.2712E-08 6.7078E-08
 6.3096E+02 1.1707E-06 7.7083E-07 5.5478E-08 4.5343E-08
 7.0795E+02 8.1306E-07 5.3059E-07 3.7315E-08 3.0403E-08
 7.9433E+02 5.6559E-07 3.6505E-07 2.5235E-08 2.0336E-08
 8.9125E+02 3.9175E-07 2.5099E-07 1.7263E-08 1.3542E-08
 1.0000E+03 2.7050E-07 1.7223E-07 1.1612E-08 9.0314E-09
 1.1220E+03 1.8701E-07 1.1807E-07 7.6996E-09 6.0979E-09
 1.2589E+03 1.2886E-07 8.0901E-08 5.1404E-09 4.1130E-09
 1.4125E+03 8.8648E-08 5.5436E-08 3.4760E-09 2.7743E-09
 1.5849E+03 6.0845E-08 3.7783E-08 2.3478E-09 1.8420E-09
 1.7783E+03 4.1575E-08 2.5687E-08 1.5450E-09 1.2103E-09
 1.9953E+03 2.8464E-08 1.7410E-08 1.0376E-09 8.0560E-10
 2.2387E+03 1.9399E-08 1.1792E-08 6.9508E-10 5.3688E-10
 2.5119E+03 1.3220E-08 8.0123E-09 4.5793E-10 3.5195E-10
 2.8184E+03 8.9443E-09 5.3905E-09 3.1344E-10 2.3327E-10
 3.1623E+03 6.0210E-09 3.6302E-09 2.0635E-10 1.5380E-10
 3.5481E+03 4.0872E-09 2.4591E-09 1.3278E-10 9.9864E-11
 3.9811E+03 2.7611E-09 1.6491E-09 8.8230E-11 6.7791E-11
 4.4668E+03 1.8562E-09 1.0997E-09 5.9662E-11 4.4322E-11
 5.0119E+03 1.2453E-09 7.3164E-10 3.8868E-11 2.8282E-11
 5.6234E+03 8.2774E-10 4.8647E-10 2.5821E-11 1.9371E-11
 6.3096E+03 5.5714E-10 3.2556E-10 1.6272E-11 1.3145E-11
 7.0795E+03 3.7156E-10 2.1320E-10 1.1025E-11 8.7705E-12
 7.9433E+03 2.4647E-10 1.4034E-10 7.7719E-12 5.7629E-12
 8.9125E+03 1.6336E-10 9.4644E-11 4.8727E-12 3.3491E-12
 1.0000E+04 1.0774E-10 6.3013E-11 3.2417E-12 2.2108E-12 1.0000E-01 5.4879E+03 5.5920E+03 2.6205E+03 2.6464E+03
 1.1220E-01 4.8410E+03 4.9184E+03 2.3285E+03 2.3306E+03
 1.2589E-01 4.2449E+03 4.3020E+03 2.0543E+03 2.0316E+03
 1.4125E-01 3.7032E+03 3.7572E+03 1.7954E+03 1.7589E+03
 1.5849E-01 3.2098E+03 3.2549E+03 1.5611E+03 1.5090E+03
 1.7783E-01 2.7570E+03 2.7848E+03 1.3475E+03 1.2900E+03
 1.9953E-01 2.3509E+03 2.3584E+03 1.1565E+03 1.0978E+03
 2.2387E-01 1.9832E+03 1.9860E+03 9.8546E+02 9.2713E+02
 2.5119E-01 1.6583E+03 1.6645E+03 8.3004E+02 7.7605E+02
 2.8184E-01 1.3804E+03 1.3837E+03 6.9805E+02 6.4477E+02
 3.1623E-01 1.1432E+03 1.1415E+03 5.8497E+02 5.3279E+02
 3.5481E-01 9.4129E+02 9.3761E+02 4.8515E+02 4.3723E+02
 3.9811E-01 7.7029E+02 7.6746E+02 3.9830E+02 3.5682E+02
 4.4668E-01 6.2696E+02 6.2348E+02 3.2402E+02 2.8968E+02
 5.0119E-01 5.0747E+02 5.0211E+02 2.6272E+02 2.3441E+02
 5.6234E-01 4.0843E+02 4.0301E+02 2.1240E+02 1.8771E+02
 6.3096E-01 3.2697E+02 3.2206E+02 1.7068E+02 1.5014E+02
 7.0795E-01 2.6070E+02 2.5560E+02 1.3646E+02 1.1936E+02
 7.9433E-01 2.0625E+02 2.0128E+02 1.0809E+02 9.3564E+01
 8.9125E-01 1.6259E+02 1.5757E+02 8.5338E+01 7.2827E+01
 1.0000E+00 1.2806E+02 1.2375E+02 6.7129E+01 5.7130E+01
 1.1220E+00 9.9742E+01 9.5937E+01 5.2176E+01 4.4108E+01
 1.2589E+00 7.7557E+01 7.4105E+01 4.0262E+01 3.3776E+01
 1.4125E+00 5.9839E+01 5.6987E+01 3.0802E+01 2.5697E+01
 1.5849E+00 4.5745E+01 4.3522E+01 2.3387E+01 1.9360E+01
 1.7783E+00 3.4831E+01 3.2867E+01 1.7695E+01 1.4495E+01
 1.9953E+00 2.6332E+01 2.4619E+01 1.3300E+01 1.0817E+01
 2.2387E+00 1.9789E+01 1.8398E+01 9.8801E+00 7.9709E+00
 2.5119E+00 1.4821E+01 1.3672E+01 7.2865E+00 5.8504E+00
 2.8184E+00 1.0986E+01 1.0096E+01 5.3416E+00 4.2535E+00
 3.1623E+00 8.1283E+00 7.4360E+00 3.8684E+00 3.0405E+00
 3.5481E+00 5.9844E+00 5.4385E+00 2.7898E+00 2.1782E+00
 3.9811E+00 4.3757E+00 3.9620E+00 1.9982E+00 1.5499E+00
 4.4668E+00 3.1964E+00 2.8741E+00 1.4151E+00 1.0901E+00
 5.0119E+00 2.3248E+00 2.0685E+00 9.9484E-01 7.6412E-01
 5.6234E+00 1.6809E+00 1.4837E+00 6.9957E-01 5.3467E-01
 6.3096E+00 1.2139E+00 1.0625E+00 4.9007E-01 3.6956E-01
 7.0795E+00 8.7444E-01 7.6021E-01 3.4067E-01 2.5624E-01
 7.9433E+00 6.3147E-01 5.4146E-01 2.3500E-01 1.7676E-01
 8.9125E+00 4.5203E-01 3.8597E-01 1.6139E-01 1.2062E-01
 1.0000E+01 3.2203E-01 2.7328E-01 1.0960E-01 8.2319E-02
 1.1220E+01 2.2998E-01 1.9364E-01 7.4535E-02 5.5987E-02
 1.2589E+01 1.6435E-01 1.3718E-01 5.0464E-02 3.7944E-02
 1.4125E+01 1.1745E-01 9.7081E-02 3.4135E-02 2.5590E-02
 1.5849E+01 8.3664E-02 6.8714E-02 2.3000E-02 1.7263E-02
 1.7783E+01 5.9691E-02 4.8661E-02 1.5492E-02 1.1679E-02
 1.9953E+01 4.2626E-02 3.4447E-02 1.0400E-02 7.8703E-03
 2.2387E+01 3.0353E-02 2.4376E-02 6.9172E-03 5.2471E-03
 2.5119E+01 2.1620E-02 1.7247E-02 4.6245E-03 3.5277E-03
 2.8184E+01 1.5427E-02 1.2183E-02 3.1012E-03 2.3767E-03
 3.1623E+01 1.1156E-02 8.7527E-03 2.0952E-03 1.6051E-03
 3.5481E+01 7.9371E-03 6.1903E-03 1.3923E-03 1.0753E-03
 3.9811E+01 5.6495E-03 4.3742E-03 9.2359E-04 7.1823E-04
 4.4668E+01 4.0203E-03 3.0889E-03 6.1297E-04 4.7744E-04
 5.0119E+01 2.8073E-03 2.1489E-03 4.0158E-04 3.1543E-04
 5.6234E+01 1.9963E-03 1.5140E-03 2.6595E-04 2.0931E-04
 6.3096E+01 1.4142E-03 1.0649E-03 1.7599E-04 1.3953E-04
 7.0795E+01 1.0018E-03 7.4925E-04 1.1681E-04 9.3064E-05
 7.9433E+01 7.0905E-04 5.2744E-04 7.7535E-05 6.2052E-05
 8.9125E+01 5.0113E-04 3.7042E-04 5.1702E-05 4.1371E-05
 1.0000E+02 3.5366E-04 2.5970E-04 3.4332E-05 2.7436E-05
 1.1220E+02 2.4921E-04 1.8179E-04 2.2704E-05 1.8276E-05
 1.2589E+02 1.7557E-04 1.2704E-04 1.5147E-05 1.2202E-05
 1.4125E+02 1.2342E-04 8.8719E-05 1.0095E-05 8.1514E-06
 1.5849E+02 8.6734E-05 6.1907E-05 6.7241E-06 5.4254E-06
 1.7783E+02 6.0979E-05 4.3200E-05 4.4787E-06 3.6042E-06
 1.9953E+02 4.2764E-05 3.0097E-05 2.9944E-06 2.4303E-06
 2.2387E+02 2.9956E-05 2.0910E-05 2.0053E-06 1.6321E-06
 2.5119E+02 2.0929E-05 1.4541E-05 1.3433E-06 1.0837E-06
 2.8184E+02 1.4610E-05 1.0112E-05 8.9864E-07 7.2735E-07
 3.1623E+02 1.0229E-05 7.0098E-06 6.0342E-07 4.9073E-07
 3.5481E+02 7.1517E-06 4.8567E-06 4.0495E-07 3.3108E-07
 3.9811E+02 4.9934E-06 3.3651E-06 2.7211E-07 2.2321E-07
 4.4668E+02 3.4821E-06 2.3318E-06 1.8379E-07 1.5026E-07
 5.0119E+02 2.4226E-06 1.6132E-06 1.2361E-07 1.0022E-07
 5.6234E+02 1.6853E-06 1.1160E-06 8.2712E-08 6.7078E-08
 6.3096E+02 1.1707E-06 7.7083E-07 5.5478E-08 4.5343E-08
 7.0795E+02 8.1306E-07 5.3059E-07 3.7315E-08 3.0403E-08
 7.9433E+02 5.6559E-07 3.6505E-07 2.5235E-08 2.0336E-08
 8.9125E+02 3.9175E-07 2.5099E-07 1.7263E-08 1.3542E-08
 1.0000E+03 2.7050E-07 1.7223E-07 1.1612E-08 9.0314E-09
 1.1220E+03 1.8701E-07 1.1807E-07 7.6996E-09 6.0979E-09
 1.2589E+03 1.2886E-07 8.0901E-08 5.1404E-09 4.1130E-09
 1.4125E+03 8.8648E-08 5.5436E-08 3.4760E-09 2.7743E-09
 1.5849E+03 6.0845E-08 3.7783E-08 2.3478E-09 1.8420E-09
 1.7783E+03 4.1575E-08 2.5687E-08 1.5450E-09 1.2103E-09
 1.9953E+03 2.8464E-08 1.7410E-08 1.0376E-09 8.0560E-10
 2.2387E+03 1.9399E-08 1.1792E-08 6.9508E-10 5.3688E-10
 2.5119E+03 1.3220E-08 8.0123E-09 4.5793E-10 3.5195E-10
 2.8184E+03 8.9443E-09 5.3905E-09 3.1344E-10 2.3327E-10
 3.1623E+03 6.0210E-09 3.6302E-09 2.0635E-10 1.5380E-10
 3.5481E+03 4.0872E-09 2.4591E-09 1.3278E-10 9.9864E-11
 3.9811E+03 2.7611E-09 1.6491E-09 8.8230E-11 6.7791E-11
 4.4668E+03 1.8562E-09 1.0997E-09 5.9662E-11 4.4322E-11
 5.0119E+03 1.2453E-09 7.3164E-10 3.8868E-11 2.8282E-11
 5.6234E+03 8.2774E-10 4.8647E-10 2.5821E-11 1.9371E-11
 6.3096E+03 5.5714E-10 3.2556E-10 1.6272E-11 1.3145E-11
 7.0795E+03 3.7156E-10 2.1320E-10 1.1025E-11 8.7705E-12
 7.9433E+03 2.4647E-10 1.4034E-10 7.7719E-12 5.7629E-12
 8.9125E+03 1.6336E-10 9.4644E-11 4.8727E-12 3.3491E-12
 1.0000E+04 1.0774E-10 6.3013E-11 3.2417E-12 2.2108E-12 1.0000E-01 5.4879E+03 5.5920E+03 2.6205E+03 2.6464E+03
 1.1220E-01 4.8410E+03 4.9184E+03 2.3285E+03 2.3306E+03
 1.2589E-01 4.2449E+03 4.3020E+03 2.0543E+03 2.0316E+03
 1.4125E-01 3.7032E+03 3.7572E+03 1.7954E+03 1.7589E+03
 1.5849E-01 3.2098E+03 3.2549E+03 1.5611E+03 1.5090E+03
 1.7783E-01 2.7570E+03 2.7848E+03 1.3475E+03 1.2900E+03
 1.9953E-01 2.3509E+03 2.3584E+03 1.1565E+03 1.0978E+03
 2.2387E-01 1.9832E+03 1.9860E+03 9.8546E+02 9.2713E+02
 2.5119E-01 1.6583E+03 1.6645E+03 8.3004E+02 7.7605E+02
 2.8184E-01 1.3804E+03 1.3837E+03 6.9805E+02 6.4477E+02
 3.1623E-01 1.1432E+03 1.1415E+03 5.8497E+02 5.3279E+02
 3.5481E-01 9.4129E+02 9.3761E+02 4.8515E+02 4.3723E+02
 3.9811E-01 7.7029E+02 7.6746E+02 3.9830E+02 3.5682E+02
 4.4668E-01 6.2696E+02 6.2348E+02 3.2402E+02 2.8968E+02
 5.0119E-01 5.0747E+02 5.0211E+02 2.6272E+02 2.3441E+02
 5.6234E-01 4.0843E+02 4.0301E+02 2.1240E+02 1.8771E+02
 6.3096E-01 3.2697E+02 3.2206E+02 1.7068E+02 1.5014E+02
 7.0795E-01 2.6070E+02 2.5560E+02 1.3646E+02 1.1936E+02
 7.9433E-01 2.0625E+02 2.0128E+02 1.0809E+02 9.3564E+01
 8.9125E-01 1.6259E+02 1.5757E+02 8.5338E+01 7.2827E+01
 1.0000E+00 1.2806E+02 1.2375E+02 6.7129E+01 5.7130E+01
 1.1220E+00 9.9742E+01 9.5937E+01 5.2176E+01 4.4108E+01
 1.2589E+00 7.7557E+01 7.4105E+01 4.0262E+01 3.3776E+01
 1.4125E+00 5.9839E+01 5.6987E+01 3.0802E+01 2.5697E+01
 1.5849E+00 4.5745E+01 4.3522E+01 2.3387E+01 1.9360E+01
 1.7783E+00 3.4831E+01 3.2867E+01 1.7695E+01 1.4495E+01
 1.9953E+00 2.6332E+01 2.4619E+01 1.3300E+01 1.0817E+01
 2.2387E+00 1.9789E+01 1.8398E+01 9.8801E+00 7.9709E+00
 2.5119E+00 1.4821E+01 1.3672E+01 7.2865E+00 5.8504E+00
 2.8184E+00 1.0986E+01 1.0096E+01 5.3416E+00 4.2535E+00
 3.1623E+00 8.1283E+00 7.4360E+00 3.8684E+00 3.0405E+00
 3.5481E+00 5.9844E+00 5.4385E+00 2.7898E+00 2.1782E+00
 3.9811E+00 4.3757E+00 3.9620E+00 1.9982E+00 1.5499E+00
 4.4668E+00 3.1964E+00 2.8741E+00 1.4151E+00 1.0901E+00
 5.0119E+00 2.3248E+00 2.0685E+00 9.9484E-01 7.6412E-01
 5.6234E+00 1.6809E+00 1.4837E+00 6.9957E-01 5.3467E-01
 6.3096E+00 1.2139E+00 1.0625E+00 4.9007E-01 3.6956E-01
 7.0795E+00 8.7444E-01 7.6021E-01 3.4067E-01 2.5624E-01
 7.9433E+00 6.3147E-01 5.4146E-01 2.3500E-01 1.7676E-01
 8.9125E+00 4.5203E-01 3.8597E-01 1.6139E-01 1.2062E-01
 1.0000E+01 3.2203E-01 2.7328E-01 1.0960E-01 8.2319E-02
 1.1220E+01 2.2998E-01 1.9364E-01 7.4535E-02 5.5987E-02
 1.2589E+01 1.6435E-01 1.3718E-01 5.0464E-02 3.7944E-02
 1.4125E+01 1.1745E-01 9.7081E-02 3.4135E-02 2.5590E-02
 1.5849E+01 8.3664E-02 6.8714E-02 2.3000E-02 1.7263E-02
 1.7783E+01 5.9691E-02 4.8661E-02 1.5492E-02 1.1679E-02
 1.9953E+01 4.2626E-02 3.4447E-02 1.0400E-02 7.8703E-03
 2.2387E+01 3.0353E-02 2.4376E-02 6.9172E-03 5.2471E-03
 2.5119E+01 2.1620E-02 1.7247E-02 4.6245E-03 3.5277E-03
 2.8184E+01 1.5427E-02 1.2183E-02 3.1012E-03 2.3767E-03
 3.1623E+01 1.1156E-02 8.7527E-03 2.0952E-03 1.6051E-03
 3.5481E+01 7.9371E-03 6.1903E-03 1.3923E-03 1.0753E-03
 3.9811E+01 5.6495E-03 4.3742E-03 9.2359E-04 7.1823E-04
 4.4668E+01 4.0203E-03 3.0889E-03 6.1297E-04 4.7744E-04
 5.0119E+01 2.8073E-03 2.1489E-03 4.0158E-04 3.1543E-04
 5.6234E+01 1.9963E-03 1.5140E-03 2.6595E-04 2.0931E-04
 6.3096E+01 1.4142E-03 1.0649E-03 1.7599E-04 1.3953E-04
 7.0795E+01 1.0018E-03 7.4925E-04 1.1681E-04 9.3064E-05
 7.9433E+01 7.0905E-04 5.2744E-04 7.7535E-05 6.2052E-05
 8.9125E+01 5.0113E-04 3.7042E-04 5.1702E-05 4.1371E-05
 1.0000E+02 3.5366E-04 2.5970E-04 3.4332E-05 2.7436E-05
 1.1220E+02 2.4921E-04 1.8179E-04 2.2704E-05 1.8276E-05
 1.2589E+02 1.7557E-04 1.2704E-04 1.5147E-05 1.2202E-05
 1.4125E+02 1.2342E-04 8.8719E-05 1.0095E-05 8.1514E-06
 1.5849E+02 8.6734E-05 6.1907E-05 6.7241E-06 5.4254E-06
 1.7783E+02 6.0979E-05 4.3200E-05 4.4787E-06 3.6042E-06
 1.9953E+02 4.2764E-05 3.0097E-05 2.9944E-06 2.4303E-06
 2.2387E+02 2.9956E-05 2.0910E-05 2.0053E-06 1.6321E-06
 2.5119E+02 2.0929E-05 1.4541E-05 1.3433E-06 1.0837E-06
 2.8184E+02 1.4610E-05 1.0112E-05 8.9864E-07 7.2735E-07
 3.1623E+02 1.0229E-05 7.0098E-06 6.0342E-07 4.9073E-07
 3.5481E+02 7.1517E-06 4.8567E-06 4.0495E-07 3.3108E-07
 3.9811E+02 4.9934E-06 3.3651E-06 2.7211E-07 2.2321E-07
 4.4668E+02 3.4821E-06 2.3318E-06 1.8379E-07 1.5026E-07
 5.0119E+02 2.4226E-06 1.6132E-06 1.2361E-07 1.0022E-07
 5.6234E+02 1.6853E-06 1.1160E-06 8.2712E-08 6.7078E-08
 6.3096E+02 1.1707E-06 7.7083E-07 5.5478E-08 4.5343E-08
 7.0795E+02 8.1306E-07 5.3059E-07 3.7315E-08 3.0403E-08
 7.9433E+02 5.6559E-07 3.6505E-07 2.5235E-08 2.0336E-08
 8.9125E+02 3.9175E-07 2.5099E-07 1.7263E-08 1.3542E-08
 1.0000E+03 2.7050E-07 1.7223E-07 1.1612E-08 9.0314E-09
 1.1220E+03 1.8701E-07 1.1807E-07 7.6996E-09 6.0979E-09
 1.2589E+03 1.2886E-07 8.0901E-08 5.1404E-09 4.1130E-09
 1.4125E+03 8.8648E-08 5.5436E-08 3.4760E-09 2.7743E-09
 1.5849E+03 6.0845E-08 3.7783E-08 2.3478E-09 1.8420E-09
 1.7783E+03 4.1575E-08 2.5687E-08 1.5450E-09 1.2103E-09
 1.9953E+03 2.8464E-08 1.7410E-08 1.0376E-09 8.0560E-10
 2.2387E+03 1.9399E-08 1.1792E-08 6.9508E-10 5.3688E-10
 2.5119E+03 1.3220E-08 8.0123E-09 4.5793E-10 3.5195E-10
 2.8184E+03 8.9443E-09 5.3905E-09 3.1344E-10 2.3327E-10
 3.1623E+03 6.0210E-09 3.6302E-09 2.0635E-10 1.5380E-10
 3.5481E+03 4.0872E-09 2.4591E-09 1.3278E-10 9.9864E-11
 3.9811E+03 2.7611E-09 1.6491E-09 8.8230E-11 6.7791E-11
 4.4668E+03 1.8562E-09 1.0997E-09 5.9662E-11 4.4322E-11
 5.0119E+03 1.2453E-09 7.3164E-10 3.8868E-11 2.8282E-11
 5.6234E+03 8.2774E-10 4.8647E-10 2.5821E-11 1.9371E-11
 6.3096E+03 5.5714E-10 3.2556E-10 1.6272E-11 1.3145E-11
 7.0795E+03 3.7156E-10 2.1320E-10 1.1025E-11 8.7705E-12
 7.9433E+03 2.4647E-10 1.4034E-10 7.7719E-12 5.7629E-12
 8.9125E+03 1.6336E-10 9.4644E-11 4.8727E-12 3.3491E-12
 1.0000E+04 1.0774E-10 6.3013E-11 3.2417E-12 2.2108E-12 1.0000E-01 5.4879E+03 5.5920E+03 2.6205E+03 2.6464E+03
 1.1220E-01 4.8410E+03 4.9184E+03 2.3285E+03 2.3306E+03
 1.2589E-01 4.2449E+03 4.3020E+03 2.0543E+03 2.0316E+03
 1.4125E-01 3.7032E+03 3.7572E+03 1.7954E+03 1.7589E+03
 1.5849E-01 3.2098E+03 3.2549E+03 1.5611E+03 1.5090E+03
 1.7783E-01 2.7570E+03 2.7848E+03 1.3475E+03 1.2900E+03
 1.9953E-01 2.3509E+03 2.3584E+03 1.1565E+03 1.0978E+03
 2.2387E-01 1.9832E+03 1.9860E+03 9.8546E+02 9.2713E+02
 2.5119E-01 1.6583E+03 1.6645E+03 8.3004E+02 7.7605E+02
 2.8184E-01 1.3804E+03 1.3837E+03 6.9805E+02 6.4477E+02
 3.1623E-01 1.1432E+03 1.1415E+03 5.8497E+02 5.3279E+02
 3.5481E-01 9.4129E+02 9.3761E+02 4.8515E+02 4.3723E+02
 3.9811E-01 7.7029E+02 7.6746E+02 3.9830E+02 3.5682E+02
 4.4668E-01 6.2696E+02 6.2348E+02 3.2402E+02 2.8968E+02
 5.0119E-01 5.0747E+02 5.0211E+02 2.6272E+02 2.3441E+02
 5.6234E-01 4.0843E+02 4.0301E+02 2.1240E+02 1.8771E+02
 6.3096E-01 3.2697E+02 3.2206E+02 1.7068E+02 1.5014E+02
 7.0795E-01 2.6070E+02 2.5560E+02 1.3646E+02 1.1936E+02
 7.9433E-01 2.0625E+02 2.0128E+02 1.0809E+02 9.3564E+01
 8.9125E-01 1.6259E+02 1.5757E+02 8.5338E+01 7.2827E+01
 1.0000E+00 1.2806E+02 1.2375E+02 6.7129E+01 5.7130E+01
 1.1220E+00 9.9742E+01 9.5937E+01 5.2176E+01 4.4108E+01
 1.2589E+00 7.7557E+01 7.4105E+01 4.0262E+01 3.3776E+01
 1.4125E+00 5.9839E+01 5.6987E+01 3.0802E+01 2.5697E+01
 1.5849E+00 4.5745E+01 4.3522E+01 2.3387E+01 1.9360E+01
 1.7783E+00 3.4831E+01 3.2867E+01 1.7695E+01 1.4495E+01
 1.9953E+00 2.6332E+01 2.4619E+01 1.3300E+01 1.0817E+01
 2.2387E+00 1.9789E+01 1.8398E+01 9.8801E+00 7.9709E+00
 2.5119E+00 1.4821E+01 1.3672E+01 7.2865E+00 5.8504E+00
 2.8184E+00 1.0986E+01 1.0096E+01 5.3416E+00 4.2535E+00
 3.1623E+00 8.1283E+00 7.4360E+00 3.8684E+00 3.0405E+00
 3.5481E+00 5.9844E+00 5.4385E+00 2.7898E+00 2.1782E+00
 3.9811E+00 4.3757E+00 3.9620E+00 1.9982E+00 1.5499E+00
 4.4668E+00 3.1964E+00 2.8741E+00 1.4151E+00 1.0901E+00
 5.0119E+00 2.3248E+00 2.0685E+00 9.9484E-01 7.6412E-01
 5.6234E+00 1.6809E+00 1.4837E+00 6.9957E-01 5.3467E-01
 6.3096E+00 1.2139E+00 1.0625E+00 4.9007E-01 3.6956E-01
 7.0795E+00 8.7444E-01 7.6021E-01 3.4067E-01 2.5624E-01
 7.9433E+00 6.3147E-01 5.4146E-01 2.3500E-01 1.7676E-01
 8.9125E+00 4.5203E-01 3.8597E-01 1.6139E-01 1.2062E-01
 1.0000E+01 3.2203E-01 2.7328E-01 1.0960E-01 8.2319E-02
 1.1220E+01 2.2998E-01 1.9364E-01 7.4535E-02 5.5987E-02
 1.2589E+01 1.6435E-01 1.3718E-01 5.0464E-02 3.7944E-02
 1.4125E+01 1.1745E-01 9.7081E-02 3.4135E-02 2.5590E-02
 1.5849E+01 8.3664E-02 6.8714E-02 2.3000E-02 1.7263E-02
 1.7783E+01 5.9691E-02 4.8661E-02 1.5492E-02 1.1679E-02
 1.9953E+01 4.2626E-02 3.4447E-02 1.0400E-02 7.8703E-03
 2.2387E+01 3.0353E-02 2.4376E-02 6.9172E-03 5.2471E-03
 2.5119E+01 2.1620E-02 1.7247E-02 4.6245E-03 3.5277E-03
 2.8184E+01 1.5427E-02 1.2183E-02 3.1012E-03 2.3767E-03
 3.1623E+01 1.1156E-02 8.7527E-03 2.0952E-03 1.6051E-03
 3.5481E+01 7.9371E-03 6.1903E-03 1.3923E-03 1.0753E-03
 3.9811E+01 5.6495E-03 4.3742E-03 9.2359E-04 7.1823E-04
 4.4668E+01 4.0203E-03 3.0889E-03 6.1297E-04 4.7744E-04
 5.0119E+01 2.8073E-03 2.1489E-03 4.0158E-04 3.1543E-04
 5.6234E+01 1.9963E-03 1.5140E-03 2.6595E-04 2.0931E-04
 6.3096E+01 1.4142E-03 1.0649E-03 1.7599E-04 1.3953E-04
 7.0795E+01 1.0018E-03 7.4925E-04 1.1681E-04 9.3064E-05
 7.9433E+01 7.0905E-04 5.2744E-04 7.7535E-05 6.2052E-05
 8.9125E+01 5.0113E-04 3.7042E-04 5.1702E-05 4.1371E-05
 1.0000E+02 3.5366E-04 2.5970E-04 3.4332E-05 2.7436E-05
 1.1220E+02 2.4921E-04 1.8179E-04 2.2704E-05 1.8276E-05
 1.2589E+02 1.7557E-04 1.2704E-04 1.5147E-05 1.2202E-05
 1.4125E+02 1.2342E-04 8.8719E-05 1.0095E-05 8.1514E-06
 1.5849E+02 8.6734E-05 6.1907E-05 6.7241E-06 5.4254E-06
 1.7783E+02 6.0979E-05 4.3200E-05 4.4787E-06 3.6042E-06
 1.9953E+02 4.2764E-05 3.0097E-05 2.9944E-06 2.4303E-06
 2.2387E+02 2.9956E-05 2.0910E-05 2.0053E-06 1.6321E-06
 2.5119E+02 2.0929E-05 1.4541E-05 1.3433E-06 1.0837E-06
 2.8184E+02 1.4610E-05 1.0112E-05 8.9864E-07 7.2735E-07
 3.1623E+02 1.0229E-05 7.0098E-06 6.0342E-07 4.9073E-07
 3.5481E+02 7.1517E-06 4.8567E-06 4.0495E-07 3.3108E-07
 3.9811E+02 4.9934E-06 3.3651E-06 2.7211E-07 2.2321E-07
 4.4668E+02 3.4821E-06 2.3318E-06 1.8379E-07 1.5026E-07
 5.0119E+02 2.4226E-06 1.6132E-06 1.2361E-07 1.0022E-07
 5.6234E+02 1.6853E-06 1.1160E-06 8.2712E-08 6.7078E-08
 6.3096E+02 1.1707E-06 7.7083E-07 5.5478E-08 4.5343E-08
 7.0795E+02 8.1306E-07 5.3059E-07 3.7315E-08 3.0403E-08
 7.9433E+02 5.6559E-07 3.6505E-07 2.5235E-08 2.0336E-08
 8.9125E+02 3.9175E-07 2.5099E-07 1.7263E-08 1.3542E-08
 1.0000E+03 2.7050E-07 1.7223E-07 1.1612E-08 9.0314E-09
 1.1220E+03 1.8701E-07 1.1807E-07 7.6996E-09 6.0979E-09
 1.2589E+03 1.2886E-07 8.0901E-08 5.1404E-09 4.1130E-09
 1.4125E+03 8.8648E-08 5.5436E-08 3.4760E-09 2.7743E-09
 1.5849E+03 6.0845E-08 3.7783E-08 2.3478E-09 1.8420E-09
 1.7783E+03 4.1575E-08 2.5687E-08 1.5450E-09 1.2103E-09
 1.9953E+03 2.8464E-08 1.7410E-08 1.0376E-09 8.0560E-10
 2.2387E+03 1.9399E-08 1.1792E-08 6.9508E-10 5.3688E-10
 2.5119E+03 1.3220E-08 8.0123E-09 4.5793E-10 3.5195E-10
 2.8184E+03 8.9443E-09 5.3905E-09 3.1344E-10 2.3327E-10
 3.1623E+03 6.0210E-09 3.6302E-09 2.0635E-10 1.5380E-10
 3.5481E+03 4.0872E-09 2.4591E-09 1.3278E-10 9.9864E-11
 3.9811E+03 2.7611E-09 1.6491E-09 8.8230E-11 6.7791E-11
 4.4668E+03 1.8562E-09 1.0997E-09 5.9662E-11 4.4322E-11
 5.0119E+03 1.2453E-09 7.3164E-10 3.8868E-11 2.8282E-11
 5.6234E+03 8.2774E-10 4.8647E-10 2.5821E-11 1.9371E-11
 6.3096E+03 5.5714E-10 3.2556E-10 1.6272E-11 1.3145E-11
 7.0795E+03 3.7156E-10 2.1320E-10 1.1025E-11 8.7705E-12
 7.9433E+03 2.4647E-10 1.4034E-10 7.7719E-12 5.7629E-12
 8.9125E+03 1.6336E-10 9.4644E-11 4.8727E-12 3.3491E-12
 1.0000E+04 1.0774E-10 6.3013E-11 3.2417E-12 2.2108E-12 1.0000E-01 5.4879E+03 5.5920E+03 2.6205E+03 2.6464E+03
 1.1220E-01 4.8410E+03 4.9184E+03 2.3285E+03 2.3306E+03
 1.2589E-01 4.2449E+03 4.3020E+03 2.0543E+03 2.0316E+03
 1.4125E-01 3.7032E+03 3.7572E+03 1.7954E+03 1.7589E+03
 1.5849E-01 3.2098E+03 3.2549E+03 1.5611E+03 1.5090E+03
 1.7783E-01 2.7570E+03 2.7848E+03 1.3475E+03 1.2900E+03
 1.9953E-01 2.3509E+03 2.3584E+03 1.1565E+03 1.0978E+03
 2.2387E-01 1.9832E+03 1.9860E+03 9.8546E+02 9.2713E+02
 2.5119E-01 1.6583E+03 1.6645E+03 8.3004E+02 7.7605E+02
 2.8184E-01 1.3804E+03 1.3837E+03 6.9805E+02 6.4477E+02
 3.1623E-01 1.1432E+03 1.1415E+03 5.8497E+02 5.3279E+02
 3.5481E-01 9.4129E+02 9.3761E+02 4.8515E+02 4.3723E+02
 3.9811E-01 7.7029E+02 7.6746E+02 3.9830E+02 3.5682E+02
 4.4668E-01 6.2696E+02 6.2348E+02 3.2402E+02 2.8968E+02
 5.0119E-01 5.0747E+02 5.0211E+02 2.6272E+02 2.3441E+02
 5.6234E-01 4.0843E+02 4.0301E+02 2.1240E+02 1.8771E+02
 6.3096E-01 3.2697E+02 3.2206E+02 1.7068E+02 1.5014E+02
 7.0795E-01 2.6070E+02 2.5560E+02 1.3646E+02 1.1936E+02
 7.9433E-01 2.0625E+02 2.0128E+02 1.0809E+02 9.3564E+01
 8.9125E-01 1.6259E+02 1.5757E+02 8.5338E+01 7.2827E+01
 1.0000E+00 1.2806E+02 1.2375E+02 6.7129E+01 5.7130E+01
 1.1220E+00 9.9742E+01 9.5937E+01 5.2176E+01 4.4108E+01
 1.2589E+00 7.7557E+01 7.4105E+01 4.0262E+01 3.3776E+01
 1.4125E+00 5.9839E+01 5.6987E+01 3.0802E+01 2.5697E+01
 1.5849E+00 4.5745E+01 4.3522E+01 2.3387E+01 1.9360E+01
 1.7783E+00 3.4831E+01 3.2867E+01 1.7695E+01 1.4495E+01
 1.9953E+00 2.6332E+01 2.4619E+01 1.3300E+01 1.0817E+01
 2.2387E+00 1.9789E+01 1.8398E+01 9.8801E+00 7.9709E+00
 2.5119E+00 1.4821E+01 1.3672E+01 7.2865E+00 5.8504E+00
 2.8184E+00 1.0986E+01 1.0096E+01 5.3416E+00 4.2535E+00
 3.1623E+00 8.1283E+00 7.4360E+00 3.8684E+00 3.0405E+00
 3.5481E+00 5.9844E+00 5.4385E+00 2.7898E+00 2.1782E+00
 3.9811E+00 4.3757E+00 3.9620E+00 1.9982E+00 1.5499E+00
 4.4668E+00 3.1964E+00 2.8741E+00 1.4151E+00 1.0901E+00
 5.0119E+00 2.3248E+00 2.0685E+00 9.9484E-01 7.6412E-01
 5.6234E+00 1.6809E+00 1.4837E+00 6.9957E-01 5.3467E-01
 6.3096E+00 1.2139E+00 1.0625E+00 4.9007E-01 3.6956E-01
 7.0795E+00 8.7444E-01 7.6021E-01 3.4067E-01 2.5624E-01
 7.9433E+00 6.3147E-01 5.4146E-01 2.3500E-01 1.7676E-01
 8.9125E+00 4.5203E-01 3.8597E-01 1.6139E-01 1.2062E-01
 1.0000E+01 3.2203E-01 2.7328E-01 1.0960E-01 8.2319E-02
 1.1220E+01 2.2998E-01 1.9364E-01 7.4535E-02 5.5987E-02
 1.2589E+01 1.6435E-01 1.3718E-01 5.0464E-02 3.7944E-02
 1.4125E+01 1.1745E-01 9.7081E-02 3.4135E-02 2.5590E-02
 1.5849E+01 8.3664E-02 6.8714E-02 2.3000E-02 1.7263E-02
 1.7783E+01 5.9691E-02 4.8661E-02 1.5492E-02 1.1679E-02
 1.9953E+01 4.2626E-02 3.4447E-02 1.0400E-02 7.8703E-03
 2.2387E+01 3.0353E-02 2.4376E-02 6.9172E-03 5.2471E-03
 2.5119E+01 2.1620E-02 1.7247E-02 4.6245E-03 3.5277E-03
 2.8184E+01 1.5427E-02 1.2183E-02 3.1012E-03 2.3767E-03
 3.1623E+01 1.1156E-02 8.7527E-03 2.0952E-03 1.6051E-03
 3.5481E+01 7.9371E-03 6.1903E-03 1.3923E-03 1.0753E-03
 3.9811E+01 5.6495E-03 4.3742E-03 9.2359E-04 7.1823E-04
 4.4668E+01 4.0203E-03 3.0889E-03 6.1297E-04 4.7744E-04
 5.0119E+01 2.8073E-03 2.1489E-03 4.0158E-04 3.1543E-04
 5.6234E+01 1.9963E-03 1.5140E-03 2.6595E-04 2.0931E-04
 6.3096E+01 1.4142E-03 1.0649E-03 1.7599E-04 1.3953E-04
 7.0795E+01 1.0018E-03 7.4925E-04 1.1681E-04 9.3064E-05
 7.9433E+01 7.0905E-04 5.2744E-04 7.7535E-05 6.2052E-05
 8.9125E+01 5.0113E-04 3.7042E-04 5.1702E-05 4.1371E-05
 1.0000E+02 3.5366E-04 2.5970E-04 3.4332E-05 2.7436E-05
 1.1220E+02 2.4921E-04 1.8179E-04 2.2704E-05 1.8276E-05
 1.2589E+02 1.7557E-04 1.2704E-04 1.5147E-05 1.2202E-05
 1.4125E+02 1.2342E-04 8.8719E-05 1.0095E-05 8.1514E-06
 1.5849E+02 8.6734E-05 6.1907E-05 6.7241E-06 5.4254E-06
 1.7783E+02 6.0979E-05 4.3200E-05 4.4787E-06 3.6042E-06
 1.9953E+02 4.2764E-05 3.0097E-05 2.9944E-06 2.4303E-06
 2.2387E+02 2.9956E-05 2.0910E-05 2.0053E-06 1.6321E-06
 2.5119E+02 2.0929E-05 1.4541E-05 1.3433E-06 1.0837E-06
 2.8184E+02 1.4610E-05 1.0112E-05 8.9864E-07 7.2735E-07
 3.1623E+02 1.0229E-05 7.0098E-06 6.0342E-07 4.9073E-07
 3.5481E+02 7.1517E-06 4.8567E-06 4.0495E-07 3.3108E-07
 3.9811E+02 4.9934E-06 3.3651E-06 2.7211E-07 2.2321E-07
 4.4668E+02 3.4821E-06 2.3318E-06 1.8379E-07 1.5026E-07
 5.0119E+02 2.4226E-06 1.6132E-06 1.2361E-07 1.0022E-07
 5.6234E+02 1.6853E-06 1.1160E-06 8.2712E-08 6.7078E-08
 6.3096E+02 1.1707E-06 7.7083E-07 5.5478E-08 4.5343E-08
 7.0795E+02 8.1306E-07 5.3059E-07 3.7315E-08 3.0403E-08
 7.9433E+02 5.6559E-07 3.6505E-07 2.5235E-08 2.0336E-08
 8.9125E+02 3.9175E-07 2.5099E-07 1.7263E-08 1.3542E-08
 1.0000E+03 2.7050E-07 1.7223E-07 1.1612E-08 9.0314E-09
 1.1220E+03 1.8701E-07 1.1807E-07 7.6996E-09 6.0979E-09
 1.2589E+03 1.2886E-07 8.0901E-08 5.1404E-09 4.1130E-09
 1.4125E+03 8.8648E-08 5.5436E-08 3.4760E-09 2.7743E-09
 1.5849E+03 6.0845E-08 3.7783E-08 2.3478E-09 1.8420E-09
 1.7783E+03 4.1575E-08 2.5687E-08 1.5450E-09 1.2103E-09
 1.9953E+03 2.8464E-08 1.7410E-08 1.0376E-09 8.0560E-10
 2.2387E+03 1.9399E-08 1.1792E-08 6.9508E-10 5.3688E-10
 2.5119E+03 1.3220E-08 8.0123E-09 4.5793E-10 3.5195E-10
 2.8184E+03 8.9443E-09 5.3905E-09 3.1344E-10 2.3327E-10
 3.1623E+03 6.0210E-09 3.6302E-09 2.0635E-10 1.5380E-10
 3.5481E+03 4.0872E-09 2.4591E-09 1.3278E-10 9.9864E-11
 3.9811E+03 2.7611E-09 1.6491E-09 8.8230E-11 6.7791E-11
 4.4668E+03 1.8562E-09 1.0997E-09 5.9662E-11 4.4322E-11
 5.0119E+03 1.2453E-09 7.3164E-10 3.8868E-11 2.8282E-11
 5.6234E+03 8.2774E-10 4.8647E-10 2.5821E-11 1.9371E-11
 6.3096E+03 5.5714E-10 3.2556E-10 1.6272E-11 1.3145E-11
 7.0795E+03 3.7156E-10 2.1320E-10 1.1025E-11 8.7705E-12
 7.9433E+03 2.4647E-10 1.4034E-10 7.7719E-12 5.7629E-12
 8.9125E+03 1.6336E-10 9.4644E-11 4.8727E-12 3.3491E-12
 1.0000E+04 1.0774E-10 6.3013E-11 3.2417E-12 2.2108E-12 1.0000E-01 5.4879E+03 5.5920E+03 2.6205E+03 2.6464E+03
 1.1220E-01 4.8410E+03 4.9184E+03 2.3285E+03 2.3306E+03
 1.2589E-01 4.2449E+03 4.3020E+03 2.0543E+03 2.0316E+03
 1.4125E-01 3.7032E+03 3.7572E+03 1.7954E+03 1.7589E+03
 1.5849E-01 3.2098E+03 3.2549E+03 1.5611E+03 1.5090E+03
 1.7783E-01 2.7570E+03 2.7848E+03 1.3475E+03 1.2900E+03
 1.9953E-01 2.3509E+03 2.3584E+03 1.1565E+03 1.0978E+03
 2.2387E-01 1.9832E+03 1.9860E+03 9.8546E+02 9.2713E+02
 2.5119E-01 1.6583E+03 1.6645E+03 8.3004E+02 7.7605E+02
 2.8184E-01 1.3804E+03 1.3837E+03 6.9805E+02 6.4477E+02
 3.1623E-01 1.1432E+03 1.1415E+03 5.8497E+02 5.3279E+02
 3.5481E-01 9.4129E+02 9.3761E+02 4.8515E+02 4.3723E+02
 3.9811E-01 7.7029E+02 7.6746E+02 3.9830E+02 3.5682E+02
 4.4668E-01 6.2696E+02 6.2348E+02 3.2402E+02 2.8968E+02
 5.0119E-01 5.0747E+02 5.0211E+02 2.6272E+02 2.3441E+02
 5.6234E-01 4.0843E+02 4.0301E+02 2.1240E+02 1.8771E+02
 6.3096E-01 3.2697E+02 3.2206E+02 1.7068E+02 1.5014E+02
 7.0795E-01 2.6070E+02 2.5560E+02 1.3646E+02 1.1936E+02
 7.9433E-01 2.0625E+02 2.0128E+02 1.0809E+02 9.3564E+01
 8.9125E-01 1.6259E+02 1.5757E+02 8.5338E+01 7.2827E+01
 1.0000E+00 1.2806E+02 1.2375E+02 6.7129E+01 5.7130E+01
 1.1220E+00 9.9742E+01 9.5937E+01 5.2176E+01 4.4108E+01
 1.2589E+00 7.7557E+01 7.4105E+01 4.0262E+01 3.3776E+01
 1.4125E+00 5.9839E+01 5.6987E+01 3.0802E+01 2.5697E+01
 1.5849E+00 4.5745E+01 4.3522E+01 2.3387E+01 1.9360E+01
 1.7783E+00 3.4831E+01 3.2867E+01 1.7695E+01 1.4495E+01
 1.9953E+00 2.6332E+01 2.4619E+01 1.3300E+01 1.0817E+01
 2.2387E+00 1.9789E+01 1.8398E+01 9.8801E+00 7.9709E+00
 2.5119E+00 1.4821E+01 1.3672E+01 7.2865E+00 5.8504E+00
 2.8184E+00 1.0986E+01 1.0096E+01 5.3416E+00 4.2535E+00
 3.1623E+00 8.1283E+00 7.4360E+00 3.8684E+00 3.0405E+00
 3.5481E+00 5.9844E+00 5.4385E+00 2.7898E+00 2.1782E+00
 3.9811E+00 4.3757E+00 3.9620E+00 1.9982E+00 1.5499E+00
 4.4668E+00 3.1964E+00 2.8741E+00 1.4151E+00 1.0901E+00
 5.0119E+00 2.3248E+00 2.0685E+00 9.9484E-01 7.6412E-01
 5.6234E+00 1.6809E+00 1.4837E+00 6.9957E-01 5.3467E-01
 6.3096E+00 1.2139E+00 1.0625E+00 4.9007E-01 3.6956E-01
 7.0795E+00 8.7444E-01 7.6021E-01 3.4067E-01 2.5624E-01
 7.9433E+00 6.3147E-01 5.4146E-01 2.3500E-01 1.7676E-01
 8.9125E+00 4.5203E-01 3.8597E-01 1.6139E-01 1.2062E-01
 1.0000E+01 3.2203E-01 2.7328E-01 1.0960E-01 8.2319E-02
 1.1220E+01 2.2998E-01 1.9364E-01 7.4535E-02 5.5987E-02
 1.2589E+01 1.6435E-01 1.3718E-01 5.0464E-02 3.7944E-02
 1.4125E+01 1.1745E-01 9.7081E-02 3.4135E-02 2.5590E-02
 1.5849E+01 8.3664E-02 6.8714E-02 2.3000E-02 1.7263E-02
 1.7783E+01 5.9691E-02 4.8661E-02 1.5492E-02 1.1679E-02
 1.9953E+01 4.2626E-02 3.4447E-02 1.0400E-02 7.8703E-03
 2.2387E+01 3.0353E-02 2.4376E-02 6.9172E-03 5.2471E-03
 2.5119E+01 2.1620E-02 1.7247E-02 4.6245E-03 3.5277E-03
 2.8184E+01 1.5427E-02 1.2183E-02 3.1012E-03 2.3767E-03
 3.1623E+01 1.1156E-02 8.7527E-03 2.0952E-03 1.6051E-03
 3.5481E+01 7.9371E-03 6.1903E-03 1.3923E-03 1.0753E-03
 3.9811E+01 5.6495E-03 4.3742E-03 9.2359E-04 7.1823E-04
 4.4668E+01 4.0203E-03 3.0889E-03 6.1297E-04 4.7744E-04
 5.0119E+01 2.8073E-03 2.1489E-03 4.0158E-04 3.1543E-04
 5.6234E+01 1.9963E-03 1.5140E-03 2.6595E-04 2.0931E-04
 6.3096E+01 1.4142E-03 1.0649E-03 1.7599E-04 1.3953E-04
 7.0795E+01 1.0018E-03 7.4925E-04 1.1681E-04 9.3064E-05
 7.9433E+01 7.0905E-04 5.2744E-04 7.7535E-05 6.2052E-05
 8.9125E+01 5.0113E-04 3.7042E-04 5.1702E-05 4.1371E-05
 1.0000E+02 3.5366E-04 2.5970E-04 3.4332E-05 2.7436E-05
 1.1220E+02 2.4921E-04 1.8179E-04 2.2704E-05 1.8276E-05
 1.2589E+02 1.7557E-04 1.2704E-04 1.5147E-05 1.2202E-05
 1.4125E+02 1.2342E-04 8.8719E-05 1.0095E-05 8.1514E-06
 1.5849E+02 8.6734E-05 6.1907E-05 6.7241E-06 5.4254E-06
 1.7783E+02 6.0979E-05 4.3200E-05 4.4787E-06 3.6042E-06
 1.9953E+02 4.2764E-05 3.0097E-05 2.9944E-06 2.4303E-06
 2.2387E+02 2.9956E-05 2.0910E-05 2.0053E-06 1.6321E-06
 2.5119E+02 2.0929E-05 1.4541E-05 1.3433E-06 1.0837E-06
 2.8184E+02 1.4610E-05 1.0112E-05 8.9864E-07 7.2735E-07
 3.1623E+02 1.0229E-05 7.0098E-06 6.0342E-07 4.9073E-07
 3.5481E+02 7.1517E-06 4.8567E-06 4.0495E-07 3.3108E-07
 3.9811E+02 4.9934E-06 3.3651E-06 2.7211E-07 2.2321E-07
 4.4668E+02 3.4821E-06 2.3318E-06 1.8379E-07 1.5026E-07
 5.0119E+02 2.4226E-06 1.6132E-06 1.2361E-07 1.0022E-07
 5.6234E+02 1.6853E-06 1.1160E-06 8.2712E-08 6.7078E-08
 6.3096E+02 1.1707E-06 7.7083E-07 5.5478E-08 4.5343E-08
 7.0795E+02 8.1306E-07 5.3059E-07 3.7315E-08 3.0403E-08
 7.9433E+02 5.6559E-07 3.6505E-07 2.5235E-08 2.0336E-08
 8.9125E+02 3.9175E-07 2.5099E-07 1.7263E-08 1.3542E-08
 1.0000E+03 2.7050E-07 1.7223E-07 1.1612E-08 9.0314E-09
 1.1220E+03 1.8701E-07 1.1807E-07 7.6996E-09 6.0979E-09
 1.2589E+03 1.2886E-07 8.0901E-08 5.1404E-09 4.1130E-09
 1.4125E+03 8.8648E-08 5.5436E-08 3.4760E-09 2.7743E-09
 1.5849E+03 6.0845E-08 3.7783E-08 2.3478E-09 1.8420E-09
 1.7783E+03 4.1575E-08 2.5687E-08 1.5450E-09 1.2103E-09
 1.9953E+03 2.8464E-08 1.7410E-08 1.0376E-09 8.0560E-10
 2.2387E+03 1.9399E-08 1.1792E-08 6.9508E-10 5.3688E-10
 2.5119E+03 1.3220E-08 8.0123E-09 4.5793E-10 3.5195E-10
 2.8184E+03 8.9443E-09 5.3905E-09 3.1344E-10 2.3327E-10
 3.1623E+03 6.0210E-09 3.6302E-09 2.0635E-10 1.5380E-10
 3.5481E+03 4.0872E-09 2.4591E-09 1.3278E-10 9.9864E-11
 3.9811E+03 2.7611E-09 1.6491E-09 8.8230E-11 6.7791E-11
 4.4668E+03 1.8562E-09 1.0997E-09 5.9662E-11 4.4322E-11
 5.0119E+03 1.2453E-09 7.3164E-10 3.8868E-11 2.8282E-11
 5.6234E+03 8.2774E-10 4.8647E-10 2.5821E-11 1.9371E-11
 6.3096E+03 5.5714E-10 3.2556E-10 1.6272E-11 1.3145E-11
 7.0795E+03 3.7156E-10 2.1320E-10 1.1025E-11 8.7705E-12
 7.9433E+03 2.4647E-10 1.4034E-10 7.7719E-12 5.7629E-12
 8.9125E+03 1.6336E-10 9.4644E-11 4.8727E-12 3.3491E-12
 1.0000E+04 1.0774E-10 6.3013E-11 3.2417E-12 2.2108E-12 1.0000E-01 5.4879E+03 5.5920E+03 2.6205E+03 2.6464E+03
 1.1220E-01 4.8410E+03 4.9184E+03 2.3285E+03 2.3306E+03
 1.2589E-01 4.2449E+03 4.3020E+03 2.0543E+03 2.0316E+03
 1.4125E-01 3.7032E+03 3.7572E+03 1.7954E+03 1.7589E+03
 1.5849E-01 3.2098E+03 3.2549E+03 1.5611E+03 1.5090E+03
 1.7783E-01 2.7570E+03 2.7848E+03 1.3475E+03 1.2900E+03
 1.9953E-01 2.3509E+03 2.3584E+03 1.1565E+03 1.0978E+03
 2.2387E-01 1.9832E+03 1.9860E+03 9.8546E+02 9.2713E+02
 2.5119E-01 1.6583E+03 1.6645E+03 8.3004E+02 7.7605E+02
 2.8184E-01 1.3804E+03 1.3837E+03 6.9805E+02 6.4477E+02
 3.1623E-01 1.1432E+03 1.1415E+03 5.8497E+02 5.3279E+02
 3.5481E-01 9.4129E+02 9.3761E+02 4.8515E+02 4.3723E+02
 3.9811E-01 7.7029E+02 7.6746E+02 3.9830E+02 3.5682E+02
 4.4668E-01 6.2696E+02 6.2348E+02 3.2402E+02 2.8968E+02
 5.0119E-01 5.0747E+02 5.0211E+02 2.6272E+02 2.3441E+02
 5.6234E-01 4.0843E+02 4.0301E+02 2.1240E+02 1.8771E+02
 6.3096E-01 3.2697E+02 3.2206E+02 1.7068E+02 1.5014E+02
 7.0795E-01 2.6070E+02 2.5560E+02 1.3646E+02 1.1936E+02
 7.9433E-01 2.0625E+02 2.0128E+02 1.0809E+02 9.3564E+01
 8.9125E-01 1.6259E+02 1.5757E+02 8.5338E+01 7.2827E+01
 1.0000E+00 1.2806E+02 1.2375E+02 6.7129E+01 5.7130E+01
 1.1220E+00 9.9742E+01 9.5937E+01 5.2176E+01 4.4108E+01
 1.2589E+00 7.7557E+01 7.4105E+01 4.0262E+01 3.3776E+01
 1.4125E+00 5.9839E+01 5.6987E+01 3.0802E+01 2.5697E+01
 1.5849E+00 4.5745E+01 4.3522E+01 2.3387E+01 1.9360E+01
 1.7783E+00 3.4831E+01 3.2867E+01 1.7695E+01 1.4495E+01
 1.9953E+00 2.6332E+01 2.4619E+01 1.3300E+01 1.0817E+01
 2.2387E+00 1.9789E+01 1.8398E+01 9.8801E+00 7.9709E+00
 2.5119E+00 1.4821E+01 1.3672E+01 7.2865E+00 5.8504E+00
 2.8184E+00 1.0986E+01 1.0096E+01 5.3416E+00 4.2535E+00
 3.1623E+00 8.1283E+00 7.4360E+00 3.8684E+00 3.0405E+00
 3.5481E+00 5.9844E+00 5.4385E+00 2.7898E+00 2.1782E+00
 3.9811E+00 4.3757E+00 3.9620E+00 1.9982E+00 1.5499E+00
 4.4668E+00 3.1964E+00 2.8741E+00 1.4151E+00 1.0901E+00
 5.0119E+00 2.3248E+00 2.0685E+00 9.9484E-01 7.6412E-01
 5.6234E+00 1.6809E+00 1.4837E+00 6.9957E-01 5.3467E-01
 6.3096E+00 1.2139E+00 1.0625E+00 4.9007E-01 3.6956E-01
 7.0795E+00 8.7444E-01 7.6021E-01 3.4067E-01 2.5624E-01
 7.9433E+00 6.3147E-01 5.4146E-01 2.3500E-01 1.7676E-01
 8.9125E+00 4.5203E-01 3.8597E-01 1.6139E-01 1.2062E-01
 1.0000E+01 3.2203E-01 2.7328E-01 1.0960E-01 8.2319E-02
 1.1220E+01 2.2998E-01 1.9364E-01 7.4535E-02 5.5987E-02
 1.2589E+01 1.6435E-01 1.3718E-01 5.0464E-02 3.7944E-02
 1.4125E+01 1.1745E-01 9.7081E-02 3.4135E-02 2.5590E-02
 1.5849E+01 8.3664E-02 6.8714E-02 2.3000E-02 1.7263E-02
 1.7783E+01 5.9691E-02 4.8661E-02 1.5492E-02 1.1679E-02
 1.9953E+01 4.2626E-02 3.4447E-02 1.0400E-02 7.8703E-03
 2.2387E+01 3.0353E-02 2.4376E-02 6.9172E-03 5.2471E-03
 2.5119E+01 2.1620E-02 1.7247E-02 4.6245E-03 3.5277E-03
 2.8184E+01 1.5427E-02 1.2183E-02 3.1012E-03 2.3767E-03
 3.1623E+01 1.1156E-02 8.7527E-03 2.0952E-03 1.6051E-03
 3.5481E+01 7.9371E-03 6.1903E-03 1.3923E-03 1.0753E-03
 3.9811E+01 5.6495E-03 4.3742E-03 9.2359E-04 7.1823E-04
 4.4668E+01 4.0203E-03 3.0889E-03 6.1297E-04 4.7744E-04
 5.0119E+01 2.8073E-03 2.1489E-03 4.0158E-04 3.1543E-04
 5.6234E+01 1.9963E-03 1.5140E-03 2.6595E-04 2.0931E-04
 6.3096E+01 1.4142E-03 1.0649E-03 1.7599E-04 1.3953E-04
 7.0795E+01 1.0018E-03 7.4925E-04 1.1681E-04 9.3064E-05
 7.9433E+01 7.0905E-04 5.2744E-04 7.7535E-05 6.2052E-05
 8.9125E+01 5.0113E-04 3.7042E-04 5.1702E-05 4.1371E-05
 1.0000E+02 3.5366E-04 2.5970E-04 3.4332E-05 2.7436E-05
 1.1220E+02 2.4921E-04 1.8179E-04 2.2704E-05 1.8276E-05
 1.2589E+02 1.7557E-04 1.2704E-04 1.5147E-05 1.2202E-05
 1.4125E+02 1.2342E-04 8.8719E-05 1.0095E-05 8.1514E-06
 1.5849E+02 8.6734E-05 6.1907E-05 6.7241E-06 5.4254E-06
 1.7783E+02 6.0979E-05 4.3200E-05 4.4787E-06 3.6042E-06
 1.9953E+02 4.2764E-05 3.0097E-05 2.9944E-06 2.4303E-06
 2.2387E+02 2.9956E-05 2.0910E-05 2.0053E-06 1.6321E-06
 2.5119E+02 2.0929E-05 1.4541E-05 1.3433E-06 1.0837E-06
 2.8184E+02 1.4610E-05 1.0112E-05 8.9864E-07 7.2735E-07
 3.1623E+02 1.0229E-05 7.0098E-06 6.0342E-07 4.9073E-07
 3.5481E+02 7.1517E-06 4.8567E-06 4.0495E-07 3.3108E-07
 3.9811E+02 4.9934E-06 3.3651E-06 2.7211E-07 2.2321E-07
 4.4668E+02 3.4821E-06 2.3318E-06 1.8379E-07 1.5026E-07
 5.0119E+02 2.4226E-06 1.6132E-06 1.2361E-07 1.0022E-07
 5.6234E+02 1.6853E-06 1.1160E-06 8.2712E-08 6.7078E-08
 6.3096E+02 1.1707E-06 7.7083E-07 5.5478E-08 4.5343E-08
 7.0795E+02 8.1306E-07 5.3059E-07 3.7315E-08 3.0403E-08
 7.9433E+02 5.6559E-07 3.6505E-07 2.5235E-08 2.0336E-08
 8.9125E+02 3.9175E-07 2.5099E-07 1.7263E-08 1.3542E-08
 1.0000E+03 2.7050E-07 1.7223E-07 1.1612E-08 9.0314E-09
 1.1220E+03 1.8701E-07 1.1807E-07 7.6996E-09 6.0979E-09
 1.2589E+03 1.2886E-07 8.0901E-08 5.1404E-09 4.1130E-09
 1.4125E+03 8.8648E-08 5.5436E-08 3.4760E-09 2.7743E-09
 1.5849E+03 6.0845E-08 3.7783E-08 2.3478E-09 1.8420E-09
 1.7783E+03 4.1575E-08 2.5687E-08 1.5450E-09 1.2103E-09
 1.9953E+03 2.8464E-08 1.7410E-08 1.0376E-09 8.0560E-10
 2.2387E+03 1.9399E-08 1.1792E-08 6.9508E-10 5.3688E-10
 2.5119E+03 1.3220E-08 8.0123E-09 4.5793E-10 3.5195E-10
 2.8184E+03 8.9443E-09 5.3905E-09 3.1344E-10 2.3327E-10
 3.1623E+03 6.0210E-09 3.6302E-09 2.0635E-10 1.5380E-10
 3.5481E+03 4.0872E-09 2.4591E-09 1.3278E-10 9.9864E-11
 3.9811E+03 2.7611E-09 1.6491E-09 8.8230E-11 6.7791E-11
 4.4668E+03 1.8562E-09 1.0997E-09 5.9662E-11 4.4322E-11
 5.0119E+03 1.2453E-09 7.3164E-10 3.8868E-11 2.8282E-11
 5.6234E+03 8.2774E-10 4.8647E-10 2.5821E-11 1.9371E-11
 6.3096E+03 5.5714E-10 3.2556E-10 1.6272E-11 1.3145E-11
 7.0795E+03 3.7156E-10 2.1320E-10 1.1025E-11 8.7705E-12
 7.9433E+03 2.4647E-10 1.4034E-10 7.7719E-12 5.7629E-12
 8.9125E+03 1.6336E-10 9.4644E-11 4.8727E-12 3.3491E-12
 1.0000E+04 1.0774E-10 6.3013E-11 3.2417E-12 2.2108E-12 1.0000E-01 5.4879E+03 5.5920E+03 2.6205E+03 2.6464E+03
 1.1220E-01 4.8410E+03 4.9184E+03 2.3285E+03 2.3306E+03
 1.2589E-01 4.2449E+03 4.3020E+03 2.0543E+03 2.0316E+03
 1.4125E-01 3.7032E+03 3.7572E+03 1.7954E+03 1.7589E+03
 1.5849E-01 3.2098E+03 3.2549E+03 1.5611E+03 1.5090E+03
 1.7783E-01 2.7570E+03 2.7848E+03 1.3475E+03 1.2900E+03
 1.9953E-01 2.3509E+03 2.3584E+03 1.1565E+03 1.0978E+03
 2.2387E-01 1.9832E+03 1.9860E+03 9.8546E+02 9.2713E+02
 2.5119E-01 1.6583E+03 1.6645E+03 8.3004E+02 7.7605E+02
 2.8184E-01 1.3804E+03 1.3837E+03 6.9805E+02 6.4477E+02
 3.1623E-01 1.1432E+03 1.1415E+03 5.8497E+02 5.3279E+02
 3.5481E-01 9.4129E+02 9.3761E+02 4.8515E+02 4.3723E+02
 3.9811E-01 7.7029E+02 7.6746E+02 3.9830E+02 3.5682E+02
 4.4668E-01 6.2696E+02 6.2348E+02 3.2402E+02 2.8968E+02
 5.0119E-01 5.0747E+02 5.0211E+02 2.6272E+02 2.3441E+02
 5.6234E-01 4.0843E+02 4.0301E+02 2.1240E+02 1.8771E+02
 6.3096E-01 3.2697E+02 3.2206E+02 1.7068E+02 1.5014E+02
 7.0795E-01 2.6070E+02 2.5560E+02 1.3646E+02 1.1936E+02
 7.9433E-01 2.0625E+02 2.0128E+02 1.0809E+02 9.3564E+01
 8.9125E-01 1.6259E+02 1.5757E+02 8.5338E+01 7.2827E+01
 1.0000E+00 1.2806E+02 1.2375E+02 6.7129E+01 5.7130E+01
 1.1220E+00 9.9742E+01 9.5937E+01 5.2176E+01 4.4108E+01
 1.2589E+00 7.7557E+01 7.4105E+01 4.0262E+01 3.3776E+01
 1.4125E+00 5.9839E+01 5.6987E+01 3.0802E+01 2.5697E+01
 1.5849E+00 4.5745E+01 4.3522E+01 2.3387E+01 1.9360E+01
 1.7783E+00 3.4831E+01 3.2867E+01 1.7695E+01 1.4495E+01
 1.9953E+00 2.6332E+01 2.4619E+01 1.3300E+01 1.0817E+01
 2.2387E+00 1.9789E+01 1.8398E+01 9.8801E+00 7.9709E+00
 2.5119E+00 1.4821E+01 1.3672E+01 7.2865E+00 5.8504E+00
 2.8184E+00 1.0986E+01 1.0096E+01 5.3416E+00 4.2535E+00
 3.1623E+00 8.1283E+00 7.4360E+00 3.8684E+00 3.0405E+00
 3.5481E+00 5.9844E+00 5.4385E+00 2.7898E+00 2.1782E+00
 3.9811E+00 4.3757E+00 3.9620E+00 1.9982E+00 1.5499E+00
 4.4668E+00 3.1964E+00 2.8741E+00 1.4151E+00 1.0901E+00
 5.0119E+00 2.3248E+00 2.0685E+00 9.9484E-01 7.6412E-01
 5.6234E+00 1.6809E+00 1.4837E+00 6.9957E-01 5.3467E-01
 6.3096E+00 1.2139E+00 1.0625E+00 4.9007E-01 3.6956E-01
 7.0795E+00 8.7444E-01 7.6021E-01 3.4067E-01 2.5624E-01
 7.9433E+00 6.3147E-01 5.4146E-01 2.3500E-01 1.7676E-01
 8.9125E+00 4.5203E-01 3.8597E-01 1.6139E-01 1.2062E-01
 1.0000E+01 3.2203E-01 2.7328E-01 1.0960E-01 8.2319E-02
 1.1220E+01 2.2998E-01 1.9364E-01 7.4535E-02 5.5987E-02
 1.2589E+01 1.6435E-01 1.3718E-01 5.0464E-02 3.7944E-02
 1.4125E+01 1.1745E-01 9.7081E-02 3.4135E-02 2.5590E-02
 1.5849E+01 8.3664E-02 6.8714E-02 2.3000E-02 1.7263E-02
 1.7783E+01 5.9691E-02 4.8661E-02 1.5492E-02 1.1679E-02
 1.9953E+01 4.2626E-02 3.4447E-02 1.0400E-02 7.8703E-03
 2.2387E+01 3.0353E-02 2.4376E-02 6.9172E-03 5.2471E-03
 2.5119E+01 2.1620E-02 1.7247E-02 4.6245E-03 3.5277E-03
 2.8184E+01 1.5427E-02 1.2183E-02 3.1012E-03 2.3767E-03
 3.1623E+01 1.1156E-02 8.7527E-03 2.0952E-03 1.6051E-03
 3.5481E+01 7.9371E-03 6.1903E-03 1.3923E-03 1.0753E-03
 3.9811E+01 5.6495E-03 4.3742E-03 9.2359E-04 7.1823E-04
 4.4668E+01 4.0203E-03 3.0889E-03 6.1297E-04 4.7744E-04
 5.0119E+01 2.8073E-03 2.1489E-03 4.0158E-04 3.1543E-04
 5.6234E+01 1.9963E-03 1.5140E-03 2.6595E-04 2.0931E-04
 6.3096E+01 1.4142E-03 1.0649E-03 1.7599E-04 1.3953E-04
 7.0795E+01 1.0018E-03 7.4925E-04 1.1681E-04 9.3064E-05
 7.9433E+01 7.0905E-04 5.2744E-04 7.7535E-05 6.2052E-05
 8.9125E+01 5.0113E-04 3.7042E-04 5.1702E-05 4.1371E-05
 1.0000E+02 3.5366E-04 2.5970E-04 3.4332E-05 2.7436E-05
 1.1220E+02 2.4921E-04 1.8179E-04 2.2704E-05 1.8276E-05
 1.2589E+02 1.7557E-04 1.2704E-04 1.5147E-05 1.2202E-05
 1.4125E+02 1.2342E-04 8.8719E-05 1.0095E-05 8.1514E-06
 1.5849E+02 8.6734E-05 6.1907E-05 6.7241E-06 5.4254E-06
 1.7783E+02 6.0979E-05 4.3200E-05 4.4787E-06 3.6042E-06
 1.9953E+02 4.2764E-05 3.0097E-05 2.9944E-06 2.4303E-06
 2.2387E+02 2.9956E-05 2.0910E-05 2.0053E-06 1.6321E-06
 2.5119E+02 2.0929E-05 1.4541E-05 1.3433E-06 1.0837E-06
 2.8184E+02 1.4610E-05 1.0112E-05 8.9864E-07 7.2735E-07
 3.1623E+02 1.0229E-05 7.0098E-06 6.0342E-07 4.9073E-07
 3.5481E+02 7.1517E-06 4.8567E-06 4.0495E-07 3.3108E-07
 3.9811E+02 4.9934E-06 3.3651E-06 2.7211E-07 2.2321E-07
 4.4668E+02 3.4821E-06 2.3318E-06 1.8379E-07 1.5026E-07
 5.0119E+02 2.4226E-06 1.6132E-06 1.2361E-07 1.0022E-07
 5.6234E+02 1.6853E-06 1.1160E-06 8.2712E-08 6.7078E-08
 6.3096E+02 1.1707E-06 7.7083E-07 5.5478E-08 4.5343E-08
 7.0795E+02 8.1306E-07 5.3059E-07 3.7315E-08 3.0403E-08
 7.9433E+02 5.6559E-07 3.6505E-07 2.5235E-08 2.0336E-08
 8.9125E+02 3.9175E-07 2.5099E-07 1.7263E-08 1.3542E-08
 1.0000E+03 2.7050E-07 1.7223E-07 1.1612E-08 9.0314E-09
 1.1220E+03 1.8701E-07 1.1807E-07 7.6996E-09 6.0979E-09
 1.2589E+03 1.2886E-07 8.0901E-08 5.1404E-09 4.1130E-09
 1.4125E+03 8.8648E-08 5.5436E-08 3.4760E-09 2.7743E-09
 1.5849E+03 6.0845E-08 3.7783E-08 2.3478E-09 1.8420E-09
 1.7783E+03 4.1575E-08 2.5687E-08 1.5450E-09 1.2103E-09
 1.9953E+03 2.8464E-08 1.7410E-08 1.0376E-09 8.0560E-10
 2.2387E+03 1.9399E-08 1.1792E-08 6.9508E-10 5.3688E-10
 2.5119E+03 1.3220E-08 8.0123E-09 4.5793E-10 3.5195E-10
 2.8184E+03 8.9443E-09 5.3905E-09 3.1344E-10 2.3327E-10
 3.1623E+03 6.0210E-09 3.6302E-09 2.0635E-10 1.5380E-10
 3.5481E+03 4.0872E-09 2.4591E-09 1.3278E-10 9.9864E-11
 3.9811E+03 2.7611E-09 1.6491E-09 8.8230E-11 6.7791E-11
 4.4668E+03 1.8562E-09 1.0997E-09 5.9662E-11 4.4322E-11
 5.0119E+03 1.2453E-09 7.3164E-10 3.8868E-11 2.8282E-11
 5.6234E+03 8.2774E-10 4.8647E-10 2.5821E-11 1.9371E-11
 6.3096E+03 5.5714E-10 3.2556E-10 1.6272E-11 1.3145E-11
 7.0795E+03 3.7156E-10 2.1320E-10 1.1025E-11 8.7705E-12
 7.9433E+03 2.4647E-10 1.4034E-10 7.7719E-12 5.7629E-12
 8.9125E+03 1.6336E-10 9.4644E-11 4.8727E-12 3.3491E-12
 1.0000E+04 1.0774E-10 6.3013E-11 3.2417E-12 2.2108E-12 1.0000E-01 5.4879E+03 5.5920E+03 2.6205E+03 2.6464E+03
 1.1220E-01 4.8410E+03 4.9184E+03 2.3285E+03 2.3306E+03
 1.2589E-01 4.2449E+03 4.3020E+03 2.0543E+03 2.0316E+03
 1.4125E-01 3.7032E+03 3.7572E+03 1.7954E+03 1.7589E+03
 1.5849E-01 3.2098E+03 3.2549E+03 1.5611E+03 1.5090E+03
 1.7783E-01 2.7570E+03 2.7848E+03 1.3475E+03 1.2900E+03
 1.9953E-01 2.3509E+03 2.3584E+03 1.1565E+03 1.0978E+03
 2.2387E-01 1.9832E+03 1.9860E+03 9.8546E+02 9.2713E+02
 2.5119E-01 1.6583E+03 1.6645E+03 8.3004E+02 7.7605E+02
 2.8184E-01 1.3804E+03 1.3837E+03 6.9805E+02 6.4477E+02
 3.1623E-01 1.1432E+03 1.1415E+03 5.8497E+02 5.3279E+02
 3.5481E-01 9.4129E+02 9.3761E+02 4.8515E+02 4.3723E+02
 3.9811E-01 7.7029E+02 7.6746E+02 3.9830E+02 3.5682E+02
 4.4668E-01 6.2696E+02 6.2348E+02 3.2402E+02 2.8968E+02
 5.0119E-01 5.0747E+02 5.0211E+02 2.6272E+02 2.3441E+02
 5.6234E-01 4.0843E+02 4.0301E+02 2.1240E+02 1.8771E+02
 6.3096E-01 3.2697E+02 3.2206E+02 1.7068E+02 1.5014E+02
 7.0795E-01 2.6070E+02 2.5560E+02 1.3646E+02 1.1936E+02
 7.9433E-01 2.0625E+02 2.0128E+02 1.0809E+02 9.3564E+01
 8.9125E-01 1.6259E+02 1.5757E+02 8.5338E+01 7.2827E+01
 1.0000E+00 1.2806E+02 1.2375E+02 6.7129E+01 5.7130E+01
 1.1220E+00 9.9742E+01 9.5937E+01 5.2176E+01 4.4108E+01
 1.2589E+00 7.7557E+01 7.4105E+01 4.0262E+01 3.3776E+01
 1.4125E+00 5.9839E+01 5.6987E+01 3.0802E+01 2.5697E+01
 1.5849E+00 4.5745E+01 4.3522E+01 2.3387E+01 1.9360E+01
 1.7783E+00 3.4831E+01 3.2867E+01 1.7695E+01 1.4495E+01
 1.9953E+00 2.6332E+01 2.4619E+01 1.3300E+01 1.0817E+01
 2.2387E+00 1.9789E+01 1.8398E+01 9.8801E+00 7.9709E+00
 2.5119E+00 1.4821E+01 1.3672E+01 7.2865E+00 5.8504E+00
 2.8184E+00 1.0986E+01 1.0096E+01 5.3416E+00 4.2535E+00
 3.1623E+00 8.1283E+00 7.4360E+00 3.8684E+00 3.0405E+00
 3.5481E+00 5.9844E+00 5.4385E+00 2.7898E+00 2.1782E+00
 3.9811E+00 4.3757E+00 3.9620E+00 1.9982E+00 1.5499E+00
 4.4668E+00 3.1964E+00 2.8741E+00 1.4151E+00 1.0901E+00
 5.0119E+00 2.3248E+00 2.0685E+00 9.9484E-01 7.6412E-01
 5.6234E+00 1.6809E+00 1.4837E+00 6.9957E-01 5.3467E-01
 6.3096E+00 1.2139E+00 1.0625E+00 4.9007E-01 3.6956E-01
 7.0795E+00 8.7444E-01 7.6021E-01 3.4067E-01 2.5624E-01
 7.9433E+00 6.3147E-01 5.4146E-01 2.3500E-01 1.7676E-01
 8.9125E+00 4.5203E-01 3.8597E-01 1.6139E-01 1.2062E-01
 1.0000E+01 3.2203E-01 2.7328E-01 1.0960E-01 8.2319E-02
 1.1220E+01 2.2998E-01 1.9364E-01 7.4535E-02 5.5987E-02
 1.2589E+01 1.6435E-01 1.3718E-01 5.0464E-02 3.7944E-02
 1.4125E+01 1.1745E-01 9.7081E-02 3.4135E-02 2.5590E-02
 1.5849E+01 8.3664E-02 6.8714E-02 2.3000E-02 1.7263E-02
 1.7783E+01 5.9691E-02 4.8661E-02 1.5492E-02 1.1679E-02
 1.9953E+01 4.2626E-02 3.4447E-02 1.0400E-02 7.8703E-03
 2.2387E+01 3.0353E-02 2.4376E-02 6.9172E-03 5.2471E-03
 2.5119E+01 2.1620E-02 1.7247E-02 4.6245E-03 3.5277E-03
 2.8184E+01 1.5427E-02 1.2183E-02 3.1012E-03 2.3767E-03
 3.1623E+01 1.1156E-02 8.7527E-03 2.0952E-03 1.6051E-03
 3.5481E+01 7.9371E-03 6.1903E-03 1.3923E-03 1.0753E-03
 3.9811E+01 5.6495E-03 4.3742E-03 9.2359E-04 7.1823E-04
 4.4668E+01 4.0203E-03 3.0889E-03 6.1297E-04 4.7744E-04
 5.0119E+01 2.8073E-03 2.1489E-03 4.0158E-04 3.1543E-04
 5.6234E+01 1.9963E-03 1.5140E-03 2.6595E-04 2.0931E-04
 6.3096E+01 1.4142E-03 1.0649E-03 1.7599E-04 1.3953E-04
 7.0795E+01 1.0018E-03 7.4925E-04 1.1681E-04 9.3064E-05
 7.9433E+01 7.0905E-04 5.2744E-04 7.7535E-05 6.2052E-05
 8.9125E+01 5.0113E-04 3.7042E-04 5.1702E-05 4.1371E-05
 1.0000E+02 3.5366E-04 2.5970E-04 3.4332E-05 2.7436E-05
 1.1220E+02 2.4921E-04 1.8179E-04 2.2704E-05 1.8276E-05
 1.2589E+02 1.7557E-04 1.2704E-04 1.5147E-05 1.2202E-05
 1.4125E+02 1.2342E-04 8.8719E-05 1.0095E-05 8.1514E-06
 1.5849E+02 8.6734E-05 6.1907E-05 6.7241E-06 5.4254E-06
 1.7783E+02 6.0979E-05 4.3200E-05 4.4787E-06 3.6042E-06
 1.9953E+02 4.2764E-05 3.0097E-05 2.9944E-06 2.4303E-06
 2.2387E+02 2.9956E-05 2.0910E-05 2.0053E-06 1.6321E-06
 2.5119E+02 2.0929E-05 1.4541E-05 1.3433E-06 1.0837E-06
 2.8184E+02 1.4610E-05 1.0112E-05 8.9864E-07 7.2735E-07
 3.1623E+02 1.0229E-05 7.0098E-06 6.0342E-07 4.9073E-07
 3.5481E+02 7.1517E-06 4.8567E-06 4.0495E-07 3.3108E-07
 3.9811E+02 4.9934E-06 3.3651E-06 2.7211E-07 2.2321E-07
 4.4668E+02 3.4821E-06 2.3318E-06 1.8379E-07 1.5026E-07
 5.0119E+02 2.4226E-06 1.6132E-06 1.2361E-07 1.0022E-07
 5.6234E+02 1.6853E-06 1.1160E-06 8.2712E-08 6.7078E-08
 6.3096E+02 1.1707E-06 7.7083E-07 5.5478E-08 4.5343E-08
 7.0795E+02 8.1306E-07 5.3059E-07 3.7315E-08 3.0403E-08
 7.9433E+02 5.6559E-07 3.6505E-07 2.5235E-08 2.0336E-08
 8.9125E+02 3.9175E-07 2.5099E-07 1.7263E-08 1.3542E-08
 1.0000E+03 2.7050E-07 1.7223E-07 1.1612E-08 9.0314E-09
 1.1220E+03 1.8701E-07 1.1807E-07 7.6996E-09 6.0979E-09
 1.2589E+03 1.2886E-07 8.0901E-08 5.1404E-09 4.1130E-09
 1.4125E+03 8.8648E-08 5.5436E-08 3.4760E-09 2.7743E-09
 1.5849E+03 6.0845E-08 3.7783E-08 2.3478E-09 1.8420E-09
 1.7783E+03 4.1575E-08 2.5687E-08 1.5450E-09 1.2103E-09
 1.9953E+03 2.8464E-08 1.7410E-08 1.0376E-09 8.0560E-10
 2.2387E+03 1.9399E-08 1.1792E-08 6.9508E-10 5.3688E-10
 2.5119E+03 1.3220E-08 8.0123E-09 4.5793E-10 3.5195E-10
 2.8184E+03 8.9443E-09 5.3905E-09 3.1344E-10 2.3327E-10
 3.1623E+03 6.0210E-09 3.6302E-09 2.0635E-10 1.5380E-10
 3.5481E+03 4.0872E-09 2.4591E-09 1.3278E-10 9.9864E-11
 3.9811E+03 2.7611E-09 1.6491E-09 8.8230E-11 6.7791E-11
 4.4668E+03 1.8562E-09 1.0997E-09 5.9662E-11 4.4322E-11
 5.0119E+03 1.2453E-09 7.3164E-10 3.8868E-11 2.8282E-11
 5.6234E+03 8.2774E-10 4.8647E-10 2.5821E-11 1.9371E-11
 6.3096E+03 5.5714E-10 3.2556E-10 1.6272E-11 1.3145E-11
 7.0795E+03 3.7156E-10 2.1320E-10 1.1025E-11 8.7705E-12
 7.9433E+03 2.4647E-10 1.4034E-10 7.7719E-12 5.7629E-12
 8.9125E+03 1.6336E-10 9.4644E-11 4.8727E-12 3.3491E-12
 1.0000E+04 1.0774E-10 6.3013E-11 3.2417E-12 2.2108E-12 1.0000E-01 5.4879E+03 5.5920E+03 2.6205E+03 2.6464E+03
 1.1220E-01 4.8410E+03 4.9184E+03 2.3285E+03 2.3306E+03
 1.2589E-01 4.2449E+03 4.3020E+03 2.0543E+03 2.0316E+03
 1.4125E-01 3.7032E+03 3.7572E+03 1.7954E+03 1.7589E+03
 1.5849E-01 3.2098E+03 3.2549E+03 1.5611E+03 1.5090E+03
 1.7783E-01 2.7570E+03 2.7848E+03 1.3475E+03 1.2900E+03
 1.9953E-01 2.3509E+03 2.3584E+03 1.1565E+03 1.0978E+03
 2.2387E-01 1.9832E+03 1.9860E+03 9.8546E+02 9.2713E+02
 2.5119E-01 1.6583E+03 1.6645E+03 8.3004E+02 7.7605E+02
 2.8184E-01 1.3804E+03 1.3837E+03 6.9805E+02 6.4477E+02
 3.1623E-01 1.1432E+03 1.1415E+03 5.8497E+02 5.3279E+02
 3.5481E-01 9.4129E+02 9.3761E+02 4.8515E+02 4.3723E+02
 3.9811E-01 7.7029E+02 7.6746E+02 3.9830E+02 3.5682E+02
 4.4668E-01 6.2696E+02 6.2348E+02 3.2402E+02 2.8968E+02
 5.0119E-01 5.0747E+02 5.0211E+02 2.6272E+02 2.3441E+02
 5.6234E-01 4.0843E+02 4.0301E+02 2.1240E+02 1.8771E+02
 6.3096E-01 3.2697E+02 3.2206E+02 1.7068E+02 1.5014E+02
 7.0795E-01 2.6070E+02 2.5560E+02 1.3646E+02 1.1936E+02
 7.9433E-01 2.0625E+02 2.0128E+02 1.0809E+02 9.3564E+01
 8.9125E-01 1.6259E+02 1.5757E+02 8.5338E+01 7.2827E+01
 1.0000E+00 1.2806E+02 1.2375E+02 6.7129E+01 5.7130E+01
 1.1220E+00 9.9742E+01 9.5937E+01 5.2176E+01 4.4108E+01
 1.2589E+00 7.7557E+01 7.4105E+01 4.0262E+01 3.3776E+01
 1.4125E+00 5.9839E+01 5.6987E+01 3.0802E+01 2.5697E+01
 1.5849E+00 4.5745E+01 4.3522E+01 2.3387E+01 1.9360E+01
 1.7783E+00 3.4831E+01 3.2867E+01 1.7695E+01 1.4495E+01
 1.9953E+00 2.6332E+01 2.4619E+01 1.3300E+01 1.0817E+01
 2.2387E+00 1.9789E+01 1.8398E+01 9.8801E+00 7.9709E+00
 2.5119E+00 1.4821E+01 1.3672E+01 7.2865E+00 5.8504E+00
 2.8184E+00 1.0986E+01 1.0096E+01 5.3416E+00 4.2535E+00
 3.1623E+00 8.1283E+00 7.4360E+00 3.8684E+00 3.0405E+00
 3.5481E+00 5.9844E+00 5.4385E+00 2.7898E+00 2.1782E+00
 3.9811E+00 4.3757E+00 3.9620E+00 1.9982E+00 1.5499E+00
 4.4668E+00 3.1964E+00 2.8741E+00 1.4151E+00 1.0901E+00
 5.0119E+00 2.3248E+00 2.0685E+00 9.9484E-01 7.6412E-01
 5.6234E+00 1.6809E+00 1.4837E+00 6.9957E-01 5.3467E-01
 6.3096E+00 1.2139E+00 1.0625E+00 4.9007E-01 3.6956E-01
 7.0795E+00 8.7444E-01 7.6021E-01 3.4067E-01 2.5624E-01
 7.9433E+00 6.3147E-01 5.4146E-01 2.3500E-01 1.7676E-01
 8.9125E+00 4.5203E-01 3.8597E-01 1.6139E-01 1.2062E-01
 1.0000E+01 3.2203E-01 2.7328E-01 1.0960E-01 8.2319E-02
 1.1220E+01 2.2998E-01 1.9364E-01 7.4535E-02 5.5987E-02
 1.2589E+01 1.6435E-01 1.3718E-01 5.0464E-02 3.7944E-02
 1.4125E+01 1.1745E-01 9.7081E-02 3.4135E-02 2.5590E-02
 1.5849E+01 8.3664E-02 6.8714E-02 2.3000E-02 1.7263E-02
 1.7783E+01 5.9691E-02 4.8661E-02 1.5492E-02 1.1679E-02
 1.9953E+01 4.2626E-02 3.4447E-02 1.0400E-02 7.8703E-03
 2.2387E+01 3.0353E-02 2.4376E-02 6.9172E-03 5.2471E-03
 2.5119E+01 2.1620E-02 1.7247E-02 4.6245E-03 3.5277E-03
 2.8184E+01 1.5427E-02 1.2183E-02 3.1012E-03 2.3767E-03
 3.1623E+01 1.1156E-02 8.7527E-03 2.0952E-03 1.6051E-03
 3.5481E+01 7.9371E-03 6.1903E-03 1.3923E-03 1.0753E-03
 3.9811E+01 5.6495E-03 4.3742E-03 9.2359E-04 7.1823E-04
 4.4668E+01 4.0203E-03 3.0889E-03 6.1297E-04 4.7744E-04
 5.0119E+01 2.8073E-03 2.1489E-03 4.0158E-04 3.1543E-04
 5.6234E+01 1.9963E-03 1.5140E-03 2.6595E-04 2.0931E-04
 6.3096E+01 1.4142E-03 1.0649E-03 1.7599E-04 1.3953E-04
 7.0795E+01 1.0018E-03 7.4925E-04 1.1681E-04 9.3064E-05
 7.9433E+01 7.0905E-04 5.2744E-04 7.7535E-05 6.2052E-05
 8.9125E+01 5.0113E-04 3.7042E-04 5.1702E-05 4.1371E-05
 1.0000E+02 3.5366E-04 2.5970E-04 3.4332E-05 2.7436E-05
 1.1220E+02 2.4921E-04 1.8179E-04 2.2704E-05 1.8276E-05
 1.2589E+02 1.7557E-04 1.2704E-04 1.5147E-05 1.2202E-05
 1.4125E+02 1.2342E-04 8.8719E-05 1.0095E-05 8.1514E-06
 1.5849E+02 8.6734E-05 6.1907E-05 6.7241E-06 5.4254E-06
 1.7783E+02 6.0979E-05 4.3200E-05 4.4787E-06 3.6042E-06
 1.9953E+02 4.2764E-05 3.0097E-05 2.9944E-06 2.4303E-06
 2.2387E+02 2.9956E-05 2.0910E-05 2.0053E-06 1.6321E-06
 2.5119E+02 2.0929E-05 1.4541E-05 1.3433E-06 1.0837E-06
 2.8184E+02 1.4610E-05 1.0112E-05 8.9864E-07 7.2735E-07
 3.1623E+02 1.0229E-05 7.0098E-06 6.0342E-07 4.9073E-07
 3.5481E+02 7.1517E-06 4.8567E-06 4.0495E-07 3.3108E-07
 3.9811E+02 4.9934E-06 3.3651E-06 2.7211E-07 2.2321E-07
 4.4668E+02 3.4821E-06 2.3318E-06 1.8379E-07 1.5026E-07
 5.0119E+02 2.4226E-06 1.6132E-06 1.2361E-07 1.0022E-07
 5.6234E+02 1.6853E-06 1.1160E-06 8.2712E-08 6.7078E-08
 6.3096E+02 1.1707E-06 7.7083E-07 5.5478E-08 4.5343E-08
 7.0795E+02 8.1306E-07 5.3059E-07 3.7315E-08 3.0403E-08
 7.9433E+02 5.6559E-07 3.6505E-07 2.5235E-08 2.0336E-08
 8.9125E+02 3.9175E-07 2.5099E-07 1.7263E-08 1.3542E-08
 1.0000E+03 2.7050E-07 1.7223E-07 1.1612E-08 9.0314E-09
 1.1220E+03 1.8701E-07 1.1807E-07 7.6996E-09 6.0979E-09
 1.2589E+03 1.2886E-07 8.0901E-08 5.1404E-09 4.1130E-09
 1.4125E+03 8.8648E-08 5.5436E-08 3.4760E-09 2.7743E-09
 1.5849E+03 6.0845E-08 3.7783E-08 2.3478E-09 1.8420E-09
 1.7783E+03 4.1575E-08 2.5687E-08 1.5450E-09 1.2103E-09
 1.9953E+03 2.8464E-08 1.7410E-08 1.0376E-09 8.0560E-10
 2.2387E+03 1.9399E-08 1.1792E-08 6.9508E-10 5.3688E-10
 2.5119E+03 1.3220E-08 8.0123E-09 4.5793E-10 3.5195E-10
 2.8184E+03 8.9443E-09 5.3905E-09 3.1344E-10 2.3327E-10
 3.1623E+03 6.0210E-09 3.6302E-09 2.0635E-10 1.5380E-10
 3.5481E+03 4.0872E-09 2.4591E-09 1.3278E-10 9.9864E-11
 3.9811E+03 2.7611E-09 1.6491E-09 8.8230E-11 6.7791E-11
 4.4668E+03 1.8562E-09 1.0997E-09 5.9662E-11 4.4322E-11
 5.0119E+03 1.2453E-09 7.3164E-10 3.8868E-11 2.8282E-11
 5.6234E+03 8.2774E-10 4.8647E-10 2.5821E-11 1.9371E-11
 6.3096E+03 5.5714E-10 3.2556E-10 1.6272E-11 1.3145E-11
 7.0795E+03 3.7156E-10 2.1320E-10 1.1025E-11 8.7705E-12
 7.9433E+03 2.4647E-10 1.4034E-10 7.7719E-12 5.7629E-12
 8.9125E+03 1.6336E-10 9.4644E-11 4.8727E-12 3.3491E-12
 1.0000E+04 1.0774E-10 6.3013E-11 3.2417E-12 2.2108E-12 1.0000E-01 5.4879E+03 5.5920E+03 2.6205E+03 2.6464E+03
 1.1220E-01 4.8410E+03 4.9184E+03 2.3285E+03 2.3306E+03
 1.2589E-01 4.2449E+03 4.3020E+03 2.0543E+03 2.0316E+03
 1.4125E-01 3.7032E+03 3.7572E+03 1.7954E+03 1.7589E+03
 1.5849E-01 3.2098E+03 3.2549E+03 1.5611E+03 1.5090E+03
 1.7783E-01 2.7570E+03 2.7848E+03 1.3475E+03 1.2900E+03
 1.9953E-01 2.3509E+03 2.3584E+03 1.1565E+03 1.0978E+03
 2.2387E-01 1.9832E+03 1.9860E+03 9.8546E+02 9.2713E+02
 2.5119E-01 1.6583E+03 1.6645E+03 8.3004E+02 7.7605E+02
 2.8184E-01 1.3804E+03 1.3837E+03 6.9805E+02 6.4477E+02
 3.1623E-01 1.1432E+03 1.1415E+03 5.8497E+02 5.3279E+02
 3.5481E-01 9.4129E+02 9.3761E+02 4.8515E+02 4.3723E+02
 3.9811E-01 7.7029E+02 7.6746E+02 3.9830E+02 3.5682E+02
 4.4668E-01 6.2696E+02 6.2348E+02 3.2402E+02 2.8968E+02
 5.0119E-01 5.0747E+02 5.0211E+02 2.6272E+02 2.3441E+02
 5.6234E-01 4.0843E+02 4.0301E+02 2.1240E+02 1.8771E+02
 6.3096E-01 3.2697E+02 3.2206E+02 1.7068E+02 1.5014E+02
 7.0795E-01 2.6070E+02 2.5560E+02 1.3646E+02 1.1936E+02
 7.9433E-01 2.0625E+02 2.0128E+02 1.0809E+02 9.3564E+01
 8.9125E-01 1.6259E+02 1.5757E+02 8.5338E+01 7.2827E+01
 1.0000E+00 1.2806E+02 1.2375E+02 6.7129E+01 5.7130E+01
 1.1220E+00 9.9742E+01 9.5937E+01 5.2176E+01 4.4108E+01
 1.2589E+00 7.7557E+01 7.4105E+01 4.0262E+01 3.3776E+01
 1.4125E+00 5.9839E+01 5.6987E+01 3.0802E+01 2.5697E+01
 1.5849E+00 4.5745E+01 4.3522E+01 2.3387E+01 1.9360E+01
 1.7783E+00 3.4831E+01 3.2867E+01 1.7695E+01 1.4495E+01
 1.9953E+00 2.6332E+01 2.4619E+01 1.3300E+01 1.0817E+01
 2.2387E+00 1.9789E+01 1.8398E+01 9.8801E+00 7.9709E+00
 2.5119E+00 1.4821E+01 1.3672E+01 7.2865E+00 5.8504E+00
 2.8184E+00 1.0986E+01 1.0096E+01 5.3416E+00 4.2535E+00
 3.1623E+00 8.1283E+00 7.4360E+00 3.8684E+00 3.0405E+00
 3.5481E+00 5.9844E+00 5.4385E+00 2.7898E+00 2.1782E+00
 3.9811E+00 4.3757E+00 3.9620E+00 1.9982E+00 1.5499E+00
 4.4668E+00 3.1964E+00 2.8741E+00 1.4151E+00 1.0901E+00
 5.0119E+00 2.3248E+00 2.0685E+00 9.9484E-01 7.6412E-01
 5.6234E+00 1.6809E+00 1.4837E+00 6.9957E-01 5.3467E-01
 6.3096E+00 1.2139E+00 1.0625E+00 4.9007E-01 3.6956E-01
 7.0795E+00 8.7444E-01 7.6021E-01 3.4067E-01 2.5624E-01
 7.9433E+00 6.3147E-01 5.4146E-01 2.3500E-01 1.7676E-01
 8.9125E+00 4.5203E-01 3.8597E-01 1.6139E-01 1.2062E-01
 1.0000E+01 3.2203E-01 2.7328E-01 1.0960E-01 8.2319E-02
 1.1220E+01 2.2998E-01 1.9364E-01 7.4535E-02 5.5987E-02
 1.2589E+01 1.6435E-01 1.3718E-01 5.0464E-02 3.7944E-02
 1.4125E+01 1.1745E-01 9.7081E-02 3.4135E-02 2.5590E-02
 1.5849E+01 8.3664E-02 6.8714E-02 2.3000E-02 1.7263E-02
 1.7783E+01 5.9691E-02 4.8661E-02 1.5492E-02 1.1679E-02
 1.9953E+01 4.2626E-02 3.4447E-02 1.0400E-02 7.8703E-03
 2.2387E+01 3.0353E-02 2.4376E-02 6.9172E-03 5.2471E-03
 2.5119E+01 2.1620E-02 1.7247E-02 4.6245E-03 3.5277E-03
 2.8184E+01 1.5427E-02 1.2183E-02 3.1012E-03 2.3767E-03
 3.1623E+01 1.1156E-02 8.7527E-03 2.0952E-03 1.6051E-03
 3.5481E+01 7.9371E-03 6.1903E-03 1.3923E-03 1.0753E-03
 3.9811E+01 5.6495E-03 4.3742E-03 9.2359E-04 7.1823E-04
 4.4668E+01 4.0203E-03 3.0889E-03 6.1297E-04 4.7744E-04
 5.0119E+01 2.8073E-03 2.1489E-03 4.0158E-04 3.1543E-04
 5.6234E+01 1.9963E-03 1.5140E-03 2.6595E-04 2.0931E-04
 6.3096E+01 1.4142E-03 1.0649E-03 1.7599E-04 1.3953E-04
 7.0795E+01 1.0018E-03 7.4925E-04 1.1681E-04 9.3064E-05
 7.9433E+01 7.0905E-04 5.2744E-04 7.7535E-05 6.2052E-05
 8.9125E+01 5.0113E-04 3.7042E-04 5.1702E-05 4.1371E-05
 1.0000E+02 3.5366E-04 2.5970E-04 3.4332E-05 2.7436E-05
 1.1220E+02 2.4921E-04 1.8179E-04 2.2704E-05 1.8276E-05
 1.2589E+02 1.7557E-04 1.2704E-04 1.5147E-05 1.2202E-05
 1.4125E+02 1.2342E-04 8.8719E-05 1.0095E-05 8.1514E-06
 1.5849E+02 8.6734E-05 6.1907E-05 6.7241E-06 5.4254E-06
 1.7783E+02 6.0979E-05 4.3200E-05 4.4787E-06 3.6042E-06
 1.9953E+02 4.2764E-05 3.0097E-05 2.9944E-06 2.4303E-06
 2.2387E+02 2.9956E-05 2.0910E-05 2.0053E-06 1.6321E-06
 2.5119E+02 2.0929E-05 1.4541E-05 1.3433E-06 1.0837E-06
 2.8184E+02 1.4610E-05 1.0112E-05 8.9864E-07 7.2735E-07
 3.1623E+02 1.0229E-05 7.0098E-06 6.0342E-07 4.9073E-07
 3.5481E+02 7.1517E-06 4.8567E-06 4.0495E-07 3.3108E-07
 3.9811E+02 4.9934E-06 3.3651E-06 2.7211E-07 2.2321E-07
 4.4668E+02 3.4821E-06 2.3318E-06 1.8379E-07 1.5026E-07
 5.0119E+02 2.4226E-06 1.6132E-06 1.2361E-07 1.0022E-07
 5.6234E+02 1.6853E-06 1.1160E-06 8.2712E-08 6.7078E-08
 6.3096E+02 1.1707E-06 7.7083E-07 5.5478E-08 4.5343E-08
 7.0795E+02 8.1306E-07 5.3059E-07 3.7315E-08 3.0403E-08
 7.9433E+02 5.6559E-07 3.6505E-07 2.5235E-08 2.0336E-08
 8.9125E+02 3.9175E-07 2.5099E-07 1.7263E-08 1.3542E-08
 1.0000E+03 2.7050E-07 1.7223E-07 1.1612E-08 9.0314E-09
 1.1220E+03 1.8701E-07 1.1807E-07 7.6996E-09 6.0979E-09
 1.2589E+03 1.2886E-07 8.0901E-08 5.1404E-09 4.1130E-09
 1.4125E+03 8.8648E-08 5.5436E-08 3.4760E-09 2.7743E-09
 1.5849E+03 6.0845E-08 3.7783E-08 2.3478E-09 1.8420E-09
 1.7783E+03 4.1575E-08 2.5687E-08 1.5450E-09 1.2103E-09
 1.9953E+03 2.8464E-08 1.7410E-08 1.0376E-09 8.0560E-10
 2.2387E+03 1.9399E-08 1.1792E-08 6.9508E-10 5.3688E-10
 2.5119E+03 1.3220E-08 8.0123E-09 4.5793E-10 3.5195E-10
 2.8184E+03 8.9443E-09 5.3905E-09 3.1344E-10 2.3327E-10
 3.1623E+03 6.0210E-09 3.6302E-09 2.0635E-10 1.5380E-10
 3.5481E+03 4.0872E-09 2.4591E-09 1.3278E-10 9.9864E-11
 3.9811E+03 2.7611E-09 1.6491E-09 8.8230E-11 6.7791E-11
 4.4668E+03 1.8562E-09 1.0997E-09 5.9662E-11 4.4322E-11
 5.0119E+03 1.2453E-09 7.3164E-10 3.8868E-11 2.8282E-11
 5.6234E+03 8.2774E-10 4.8647E-10 2.5821E-11 1.9371E-11
 6.3096E+03 5.5714E-10 3.2556E-10 1.6272E-11 1.3145E-11
 7.0795E+03 3.7156E-10 2.1320E-10 1.1025E-11 8.7705E-12
 7.9433E+03 2.4647E-10 1.4034E-10 7.7719E-12 5.7629E-12
 8.9125E+03 1.6336E-10 9.4644E-11 4.8727E-12 3.3491E-12
 1.0000E+04 1.0774E-10 6.3013E-11 3.2417E-12 2.2108E-12 1.0000E-01 5.4879E+03 5.5920E+03 2.6205E+03 2.6464E+03
 1.1220E-01 4.8410E+03 4.9184E+03 2.3285E+03 2.3306E+03
 1.2589E-01 4.2449E+03 4.3020E+03 2.0543E+03 2.0316E+03
 1.4125E-01 3.7032E+03 3.7572E+03 1.7954E+03 1.7589E+03
 1.5849E-01 3.2098E+03 3.2549E+03 1.5611E+03 1.5090E+03
 1.7783E-01 2.7570E+03 2.7848E+03 1.3475E+03 1.2900E+03
 1.9953E-01 2.3509E+03 2.3584E+03 1.1565E+03 1.0978E+03
 2.2387E-01 1.9832E+03 1.9860E+03 9.8546E+02 9.2713E+02
 2.5119E-01 1.6583E+03 1.6645E+03 8.3004E+02 7.7605E+02
 2.8184E-01 1.3804E+03 1.3837E+03 6.9805E+02 6.4477E+02
 3.1623E-01 1.1432E+03 1.1415E+03 5.8497E+02 5.3279E+02
 3.5481E-01 9.4129E+02 9.3761E+02 4.8515E+02 4.3723E+02
 3.9811E-01 7.7029E+02 7.6746E+02 3.9830E+02 3.5682E+02
 4.4668E-01 6.2696E+02 6.2348E+02 3.2402E+02 2.8968E+02
 5.0119E-01 5.0747E+02 5.0211E+02 2.6272E+02 2.3441E+02
 5.6234E-01 4.0843E+02 4.0301E+02 2.1240E+02 1.8771E+02
 6.3096E-01 3.2697E+02 3.2206E+02 1.7068E+02 1.5014E+02
 7.0795E-01 2.6070E+02 2.5560E+02 1.3646E+02 1.1936E+02
 7.9433E-01 2.0625E+02 2.0128E+02 1.0809E+02 9.3564E+01
 8.9125E-01 1.6259E+02 1.5757E+02 8.5338E+01 7.2827E+01
 1.0000E+00 1.2806E+02 1.2375E+02 6.7129E+01 5.7130E+01
 1.1220E+00 9.9742E+01 9.5937E+01 5.2176E+01 4.4108E+01
 1.2589E+00 7.7557E+01 7.4105E+01 4.0262E+01 3.3776E+01
 1.4125E+00 5.9839E+01 5.6987E+01 3.0802E+01 2.5697E+01
 1.5849E+00 4.5745E+01 4.3522E+01 2.3387E+01 1.9360E+01
 1.7783E+00 3.4831E+01 3.2867E+01 1.7695E+01 1.4495E+01
 1.9953E+00 2.6332E+01 2.4619E+01 1.3300E+01 1.0817E+01
 2.2387E+00 1.9789E+01 1.8398E+01 9.8801E+00 7.9709E+00
 2.5119E+00 1.4821E+01 1.3672E+01 7.2865E+00 5.8504E+00
 2.8184E+00 1.0986E+01 1.0096E+01 5.3416E+00 4.2535E+00
 3.1623E+00 8.1283E+00 7.4360E+00 3.8684E+00 3.0405E+00
 3.5481E+00 5.9844E+00 5.4385E+00 2.7898E+00 2.1782E+00
 3.9811E+00 4.3757E+00 3.9620E+00 1.9982E+00 1.5499E+00
 4.4668E+00 3.1964E+00 2.8741E+00 1.4151E+00 1.0901E+00
 5.0119E+00 2.3248E+00 2.0685E+00 9.9484E-01 7.6412E-01
 5.6234E+00 1.6809E+00 1.4837E+00 6.9957E-01 5.3467E-01
 6.3096E+00 1.2139E+00 1.0625E+00 4.9007E-01 3.6956E-01
 7.0795E+00 8.7444E-01 7.6021E-01 3.4067E-01 2.5624E-01
 7.9433E+00 6.3147E-01 5.4146E-01 2.3500E-01 1.7676E-01
 8.9125E+00 4.5203E-01 3.8597E-01 1.6139E-01 1.2062E-01
 1.0000E+01 3.2203E-01 2.7328E-01 1.0960E-01 8.2319E-02
 1.1220E+01 2.2998E-01 1.9364E-01 7.4535E-02 5.5987E-02
 1.2589E+01 1.6435E-01 1.3718E-01 5.0464E-02 3.7944E-02
 1.4125E+01 1.1745E-01 9.7081E-02 3.4135E-02 2.5590E-02
 1.5849E+01 8.3664E-02 6.8714E-02 2.3000E-02 1.7263E-02
 1.7783E+01 5.9691E-02 4.8661E-02 1.5492E-02 1.1679E-02
 1.9953E+01 4.2626E-02 3.4447E-02 1.0400E-02 7.8703E-03
 2.2387E+01 3.0353E-02 2.4376E-02 6.9172E-03 5.2471E-03
 2.5119E+01 2.1620E-02 1.7247E-02 4.6245E-03 3.5277E-03
 2.8184E+01 1.5427E-02 1.2183E-02 3.1012E-03 2.3767E-03
 3.1623E+01 1.1156E-02 8.7527E-03 2.0952E-03 1.6051E-03
 3.5481E+01 7.9371E-03 6.1903E-03 1.3923E-03 1.0753E-03
 3.9811E+01 5.6495E-03 4.3742E-03 9.2359E-04 7.1823E-04
 4.4668E+01 4.0203E-03 3.0889E-03 6.1297E-04 4.7744E-04
 5.0119E+01 2.8073E-03 2.1489E-03 4.0158E-04 3.1543E-04
 5.6234E+01 1.9963E-03 1.5140E-03 2.6595E-04 2.0931E-04
 6.3096E+01 1.4142E-03 1.0649E-03 1.7599E-04 1.3953E-04
 7.0795E+01 1.0018E-03 7.4925E-04 1.1681E-04 9.3064E-05
 7.9433E+01 7.0905E-04 5.2744E-04 7.7535E-05 6.2052E-05
 8.9125E+01 5.0113E-04 3.7042E-04 5.1702E-05 4.1371E-05
 1.0000E+02 3.5366E-04 2.5970E-04 3.4332E-05 2.7436E-05
 1.1220E+02 2.4921E-04 1.8179E-04 2.2704E-05 1.8276E-05
 1.2589E+02 1.7557E-04 1.2704E-04 1.5147E-05 1.2202E-05
 1.4125E+02 1.2342E-04 8.8719E-05 1.0095E-05 8.1514E-06
 1.5849E+02 8.6734E-05 6.1907E-05 6.7241E-06 5.4254E-06
 1.7783E+02 6.0979E-05 4.3200E-05 4.4787E-06 3.6042E-06
 1.9953E+02 4.2764E-05 3.0097E-05 2.9944E-06 2.4303E-06
 2.2387E+02 2.9956E-05 2.0910E-05 2.0053E-06 1.6321E-06
 2.5119E+02 2.0929E-05 1.4541E-05 1.3433E-06 1.0837E-06
 2.8184E+02 1.4610E-05 1.0112E-05 8.9864E-07 7.2735E-07
 3.1623E+02 1.0229E-05 7.0098E-06 6.0342E-07 4.9073E-07
 3.5481E+02 7.1517E-06 4.8567E-06 4.0495E-07 3.3108E-07
 3.9811E+02 4.9934E-06 3.3651E-06 2.7211E-07 2.2321E-07
 4.4668E+02 3.4821E-06 2.3318E-06 1.8379E-07 1.5026E-07
 5.0119E+02 2.4226E-06 1.6132E-06 1.2361E-07 1.0022E-07
 5.6234E+02 1.6853E-06 1.1160E-06 8.2712E-08 6.7078E-08
 6.3096E+02 1.1707E-06 7.7083E-07 5.5478E-08 4.5343E-08
 7.0795E+02 8.1306E-07 5.3059E-07 3.7315E-08 3.0403E-08
 7.9433E+02 5.6559E-07 3.6505E-07 2.5235E-08 2.0336E-08
 8.9125E+02 3.9175E-07 2.5099E-07 1.7263E-08 1.3542E-08
 1.0000E+03 2.7050E-07 1.7223E-07 1.1612E-08 9.0314E-09
 1.1220E+03 1.8701E-07 1.1807E-07 7.6996E-09 6.0979E-09
 1.2589E+03 1.2886E-07 8.0901E-08 5.1404E-09 4.1130E-09
 1.4125E+03 8.8648E-08 5.5436E-08 3.4760E-09 2.7743E-09
 1.5849E+03 6.0845E-08 3.7783E-08 2.3478E-09 1.8420E-09
 1.7783E+03 4.1575E-08 2.5687E-08 1.5450E-09 1.2103E-09
 1.9953E+03 2.8464E-08 1.7410E-08 1.0376E-09 8.0560E-10
 2.2387E+03 1.9399E-08 1.1792E-08 6.9508E-10 5.3688E-10
 2.5119E+03 1.3220E-08 8.0123E-09 4.5793E-10 3.5195E-10
 2.8184E+03 8.9443E-09 5.3905E-09 3.1344E-10 2.3327E-10
 3.1623E+03 6.0210E-09 3.6302E-09 2.0635E-10 1.5380E-10
 3.5481E+03 4.0872E-09 2.4591E-09 1.3278E-10 9.9864E-11
 3.9811E+03 2.7611E-09 1.6491E-09 8.8230E-11 6.7791E-11
 4.4668E+03 1.8562E-09 1.0997E-09 5.9662E-11 4.4322E-11
 5.0119E+03 1.2453E-09 7.3164E-10 3.8868E-11 2.8282E-11
 5.6234E+03 8.2774E-10 4.8647E-10 2.5821E-11 1.9371E-11
 6.3096E+03 5.5714E-10 3.2556E-10 1.6272E-11 1.3145E-11
 7.0795E+03 3.7156E-10 2.1320E-10 1.1025E-11 8.7705E-12
 7.9433E+03 2.4647E-10 1.4034E-10 7.7719E-12 5.7629E-12
 8.9125E+03 1.6336E-10 9.4644E-11 4.8727E-12 3.3491E-12
 1.0000E+04 1.0774E-10 6.3013E-11 3.2417E-12 2.2108E-12
