 1.0000E-01 8.8250E+03 8.9874E+03 4.2289E+03 4.1411E+03
 1.1220E-01 7.5920E+03 7.6973E+03 3.6803E+03 3.5802E+03
 1.2589E-01 6.5067E+03 6.5650E+03 3.1706E+03 3.0548E+03
 1.4125E-01 5.5395E+03 5.5735E+03 2.7100E+03 2.5728E+03
 1.5849E-01 4.6728E+03 4.6905E+03 2.2979E+03 2.1561E+03
 1.7783E-01 3.9000E+03 3.9144E+03 1.9387E+03 1.7992E+03
 1.9953E-01 3.2267E+03 3.2410E+03 1.6255E+03 1.4952E+03
 2.2387E-01 2.6485E+03 2.6533E+03 1.3499E+03 1.2285E+03
 2.5119E-01 2.1568E+03 2.1505E+03 1.1086E+03 1.0002E+03
 2.8184E-01 1.7419E+03 1.7327E+03 9.0547E+02 8.1032E+02
 3.1623E-01 1.3980E+03 1.3888E+03 7.3713E+02 6.5271E+02
 3.5481E-01 1.1164E+03 1.1116E+03 5.9501E+02 5.2283E+02
 3.9811E-01 8.9037E+02 8.8576E+02 4.7707E+02 4.1699E+02
 4.4668E-01 7.0746E+02 6.9958E+02 3.8158E+02 3.2972E+02
 5.0119E-01 5.5799E+02 5.5182E+02 3.0382E+02 2.5970E+02
 5.6234E-01 4.4068E+02 4.3500E+02 2.4039E+02 2.0515E+02
 6.3096E-01 3.4583E+02 3.4061E+02 1.8945E+02 1.6127E+02
 7.0795E-01 2.6904E+02 2.6580E+02 1.4900E+02 1.2595E+02
 7.9433E-01 2.1017E+02 2.0719E+02 1.1661E+02 9.8123E+01
 8.9125E-01 1.6429E+02 1.6145E+02 9.0781E+01 7.5808E+01
 1.0000E+00 1.2811E+02 1.2533E+02 7.0694E+01 5.8675E+01
 1.1220E+00 9.9483E+01 9.6741E+01 5.4599E+01 4.5332E+01
 1.2589E+00 7.7007E+01 7.4583E+01 4.1802E+01 3.4724E+01
 1.4125E+00 5.9269E+01 5.7172E+01 3.2088E+01 2.6490E+01
 1.5849E+00 4.5467E+01 4.3506E+01 2.4553E+01 2.0186E+01
 1.7783E+00 3.4765E+01 3.3151E+01 1.8551E+01 1.5242E+01
 1.9953E+00 2.6465E+01 2.5118E+01 1.4065E+01 1.1382E+01
 2.2387E+00 2.0003E+01 1.8811E+01 1.0629E+01 8.4862E+00
 2.5119E+00 1.5006E+01 1.4076E+01 7.9010E+00 6.3365E+00
 2.8184E+00 1.1229E+01 1.0527E+01 5.8438E+00 4.6933E+00
 3.1623E+00 8.3393E+00 7.7763E+00 4.2899E+00 3.3985E+00
 3.5481E+00 6.1849E+00 5.7375E+00 3.1309E+00 2.4572E+00
 3.9811E+00 4.5471E+00 4.2110E+00 2.2779E+00 1.7730E+00
 4.4668E+00 3.3412E+00 3.0769E+00 1.6515E+00 1.2688E+00
 5.0119E+00 2.4461E+00 2.2389E+00 1.1793E+00 9.0352E-01
 5.6234E+00 1.7878E+00 1.6170E+00 8.3901E-01 6.4151E-01
 6.3096E+00 1.2957E+00 1.1668E+00 5.9278E-01 4.5371E-01
 7.0795E+00 9.3227E-01 8.4373E-01 4.1442E-01 3.1909E-01
 7.9433E+00 6.7394E-01 6.0458E-01 2.9011E-01 2.2181E-01
 8.9125E+00 4.8354E-01 4.3054E-01 2.0225E-01 1.5358E-01
 1.0000E+01 3.4745E-01 3.0615E-01 1.3984E-01 1.0527E-01
 1.1220E+01 2.4879E-01 2.1766E-01 9.6311E-02 7.2521E-02
 1.2589E+01 1.7819E-01 1.5432E-01 6.6022E-02 4.9601E-02
 1.4125E+01 1.2742E-01 1.0942E-01 4.5033E-02 3.3802E-02
 1.5849E+01 9.1067E-02 7.7442E-02 3.0726E-02 2.3059E-02
 1.7783E+01 6.5033E-02 5.4881E-02 2.0811E-02 1.5648E-02
 1.9953E+01 4.6393E-02 3.8914E-02 1.4009E-02 1.0617E-02
 2.2387E+01 3.3123E-02 2.7514E-02 9.4701E-03 7.2074E-03
 2.5119E+01 2.3620E-02 1.9463E-02 6.3799E-03 4.8604E-03
 2.8184E+01 1.6861E-02 1.3757E-02 4.2958E-03 3.2770E-03
 3.1623E+01 1.2182E-02 9.8980E-03 2.9270E-03 2.2346E-03
 3.5481E+01 8.6724E-03 7.0000E-03 1.9506E-03 1.5024E-03
 3.9811E+01 6.1722E-03 4.9495E-03 1.3025E-03 1.0146E-03
 4.4668E+01 4.3935E-03 3.5027E-03 8.6998E-04 6.7961E-04
 5.0119E+01 3.0901E-03 2.4318E-03 5.7000E-04 4.4300E-04
 5.6234E+01 2.1947E-03 1.7146E-03 3.7932E-04 2.9593E-04
 6.3096E+01 1.5603E-03 1.2087E-03 2.5200E-04 1.9747E-04
 7.0795E+01 1.1086E-03 8.5251E-04 1.6734E-04 1.3152E-04
 7.9433E+01 7.8528E-04 6.0021E-04 1.1084E-04 8.7711E-05
 8.9125E+01 5.5623E-04 4.2241E-04 7.3376E-05 5.8441E-05
 1.0000E+02 3.9377E-04 2.9694E-04 4.8579E-05 3.8777E-05
 1.1220E+02 2.7809E-04 2.0815E-04 3.2178E-05 2.5674E-05
 1.2589E+02 1.9632E-04 1.4586E-04 2.1354E-05 1.7037E-05
 1.4125E+02 1.3849E-04 1.0207E-04 1.4127E-05 1.1322E-05
 1.5849E+02 9.7639E-05 7.1259E-05 9.3511E-06 7.5021E-06
 1.7783E+02 6.8659E-05 4.9761E-05 6.1928E-06 5.0070E-06
 1.9953E+02 4.8255E-05 3.4800E-05 4.1207E-06 3.3418E-06
 2.2387E+02 3.3861E-05 2.4273E-05 2.7602E-06 2.2164E-06
 2.5119E+02 2.3678E-05 1.6868E-05 1.8463E-06 1.4769E-06
 2.8184E+02 1.6630E-05 1.1723E-05 1.2268E-06 9.8465E-07
 3.1623E+02 1.1671E-05 8.1563E-06 8.1035E-07 6.5832E-07
 3.5481E+02 8.1570E-06 5.6687E-06 5.4164E-07 4.4025E-07
 3.9811E+02 5.6937E-06 3.9339E-06 3.6383E-07 2.9395E-07
 4.4668E+02 3.9768E-06 2.7264E-06 2.4224E-07 1.9587E-07
 5.0119E+02 2.7804E-06 1.8915E-06 1.6099E-07 1.3130E-07
 5.6234E+02 1.9381E-06 1.3100E-06 1.0740E-07 8.8000E-08
 6.3096E+02 1.3520E-06 9.0462E-07 7.1989E-08 5.9176E-08
 7.0795E+02 9.4372E-07 6.2397E-07 4.8325E-08 3.9820E-08
 7.9433E+02 6.5582E-07 4.3051E-07 3.2679E-08 2.7002E-08
 8.9125E+02 4.5465E-07 2.9747E-07 2.2075E-08 1.8070E-08
 1.0000E+03 3.1612E-07 2.0522E-07 1.4767E-08 1.1916E-08
 1.1220E+03 2.1957E-07 1.4100E-07 9.9563E-09 7.9719E-09
 1.2589E+03 1.5160E-07 9.6873E-08 6.6757E-09 5.3124E-09
 1.4125E+03 1.0428E-07 6.6404E-08 4.4548E-09 3.4753E-09
 1.5849E+03 7.2025E-08 4.5485E-08 2.9906E-09 2.3208E-09
 1.7783E+03 4.9901E-08 3.1128E-08 2.0523E-09 1.5818E-09
 1.9953E+03 3.4178E-08 2.1239E-08 1.3605E-09 1.0450E-09
 2.2387E+03 2.3355E-08 1.4509E-08 8.8628E-10 6.8795E-10
 2.5119E+03 1.5948E-08 9.8603E-09 6.0214E-10 4.6507E-10
 2.8184E+03 1.0897E-08 6.6783E-09 3.9092E-10 3.1349E-10
 3.1623E+03 7.4323E-09 4.5110E-09 2.5756E-10 2.0263E-10
 3.5481E+03 5.0563E-09 3.0550E-09 1.7683E-10 1.3314E-10
 3.9811E+03 3.4210E-09 2.0663E-09 1.2002E-10 9.0515E-11
 4.4668E+03 2.3036E-09 1.3973E-09 8.0468E-11 6.0216E-11
 5.0119E+03 1.5491E-09 9.3298E-10 5.1641E-11 3.8081E-11
 5.6234E+03 1.0502E-09 6.2036E-10 3.3822E-11 2.1823E-11
 6.3096E+03 7.0934E-10 4.1493E-10 2.3460E-11 1.5463E-11
 7.0795E+03 4.7135E-10 2.7528E-10 1.4878E-11 1.1354E-11
 7.9433E+03 3.1794E-10 1.8565E-10 9.4728E-12 7.3185E-12
 8.9125E+03 2.1534E-10 1.2334E-10 6.7123E-12 4.6517E-12
 1.0000E+04 1.4149E-10 8.1099E-11 4.4660E-12 2.8608E-12
