 1.0000E-01 4.3072E+03 4.3665E+03 2.0689E+03 2.1084E+03
 1.1220E-01 3.8965E+03 3.9380E+03 1.8733E+03 1.8934E+03
 1.2589E-01 3.5034E+03 3.5312E+03 1.6806E+03 1.6848E+03
 1.4125E-01 3.1237E+03 3.1436E+03 1.4977E+03 1.4872E+03
 1.5849E-01 2.7637E+03 2.7760E+03 1.3225E+03 1.3026E+03
 1.7783E-01 2.4218E+03 2.4270E+03 1.1566E+03 1.1324E+03
 1.9953E-01 2.0990E+03 2.0983E+03 1.0042E+03 9.7589E+02
 2.2387E-01 1.8045E+03 1.7973E+03 8.6591E+02 8.3249E+02
 2.5119E-01 1.5371E+03 1.5251E+03 7.3944E+02 7.0352E+02
 2.8184E-01 1.2970E+03 1.2832E+03 6.2511E+02 5.8891E+02
 3.1623E-01 1.0862E+03 1.0713E+03 5.2415E+02 4.9030E+02
 3.5481E-01 9.0123E+02 8.8917E+02 4.3550E+02 4.0563E+02
 3.9811E-01 7.4265E+02 7.3248E+02 3.5896E+02 3.3138E+02
 4.4668E-01 6.0752E+02 5.9603E+02 2.9332E+02 2.6879E+02
 5.0119E-01 4.9268E+02 4.8203E+02 2.3835E+02 2.1644E+02
 5.6234E-01 3.9755E+02 3.8765E+02 1.9245E+02 1.7195E+02
 6.3096E-01 3.1835E+02 3.0880E+02 1.5334E+02 1.3600E+02
 7.0795E-01 2.5310E+02 2.4396E+02 1.2101E+02 1.0688E+02
 7.9433E-01 2.0009E+02 1.9146E+02 9.4868E+01 8.3073E+01
 8.9125E-01 1.5697E+02 1.4940E+02 7.3774E+01 6.3890E+01
 1.0000E+00 1.2252E+02 1.1624E+02 5.7274E+01 4.8959E+01
 1.1220E+00 9.4948E+01 8.9429E+01 4.3793E+01 3.7086E+01
 1.2589E+00 7.3179E+01 6.8450E+01 3.3150E+01 2.7901E+01
 1.4125E+00 5.6029E+01 5.2035E+01 2.4923E+01 2.0797E+01
 1.5849E+00 4.2682E+01 3.9206E+01 1.8646E+01 1.5349E+01
 1.7783E+00 3.2244E+01 2.9320E+01 1.3841E+01 1.1211E+01
 1.9953E+00 2.4184E+01 2.1792E+01 1.0171E+01 8.1789E+00
 2.2387E+00 1.8032E+01 1.6095E+01 7.4207E+00 5.9270E+00
 2.5119E+00 1.3373E+01 1.1835E+01 5.3496E+00 4.2469E+00
 2.8184E+00 9.8694E+00 8.6675E+00 3.8431E+00 3.0217E+00
 3.1623E+00 7.2643E+00 6.2904E+00 2.7143E+00 2.1202E+00
 3.5481E+00 5.3178E+00 4.5565E+00 1.9175E+00 1.4803E+00
 3.9811E+00 3.8725E+00 3.2861E+00 1.3403E+00 1.0280E+00
 4.4668E+00 2.8129E+00 2.3591E+00 9.2833E-01 7.1239E-01
 5.0119E+00 2.0344E+00 1.6933E+00 6.4239E-01 4.8968E-01
 5.6234E+00 1.4658E+00 1.2120E+00 4.4229E-01 3.3493E-01
 6.3096E+00 1.0539E+00 8.6257E-01 3.0250E-01 2.2696E-01
 7.0795E+00 7.5751E-01 6.1193E-01 2.0596E-01 1.5523E-01
 7.9433E+00 5.4329E-01 4.3613E-01 1.3879E-01 1.0508E-01
 8.9125E+00 3.8763E-01 3.1030E-01 9.3740E-02 7.0786E-02
 1.0000E+01 2.7767E-01 2.1931E-01 6.3036E-02 4.7641E-02
 1.1220E+01 1.9822E-01 1.5543E-01 4.2241E-02 3.1976E-02
 1.2589E+01 1.4129E-01 1.1000E-01 2.8270E-02 2.1442E-02
 1.4125E+01 1.0074E-01 7.7926E-02 1.8853E-02 1.4309E-02
 1.5849E+01 7.1882E-02 5.5184E-02 1.2550E-02 9.5399E-03
 1.7783E+01 5.1213E-02 3.9043E-02 8.3322E-03 6.3920E-03
 1.9953E+01 3.6426E-02 2.7602E-02 5.5551E-03 4.2761E-03
 2.2387E+01 2.5889E-02 1.9521E-02 3.7068E-03 2.8428E-03
 2.5119E+01 1.8433E-02 1.3829E-02 2.4550E-03 1.8962E-03
 2.8184E+01 1.3111E-02 9.7777E-03 1.6288E-03 1.2732E-03
 3.1623E+01 9.4299E-03 6.9958E-03 1.0983E-03 8.6078E-04
 3.5481E+01 6.6810E-03 4.9317E-03 7.2959E-04 5.7350E-04
 3.9811E+01 4.7271E-03 3.4752E-03 4.8598E-04 3.8286E-04
 4.4668E+01 3.3439E-03 2.4447E-03 3.2336E-04 2.5681E-04
 5.0119E+01 2.3266E-03 1.6933E-03 2.1138E-04 1.6824E-04
 5.6234E+01 1.6425E-03 1.1888E-03 1.4076E-04 1.1260E-04
 6.3096E+01 1.1564E-03 8.3414E-04 9.3601E-05 7.5444E-05
 7.0795E+01 8.1481E-04 5.8373E-04 6.2525E-05 5.0471E-05
 7.9433E+01 5.7437E-04 4.0747E-04 4.2062E-05 3.3856E-05
 8.9125E+01 4.0349E-04 2.8526E-04 2.8131E-05 2.2837E-05
 1.0000E+02 2.8320E-04 1.9920E-04 1.8888E-05 1.5412E-05
 1.1220E+02 1.9868E-04 1.3888E-04 1.2776E-05 1.0401E-05
 1.2589E+02 1.3926E-04 9.6900E-05 8.6113E-06 7.0043E-06
 1.4125E+02 9.7643E-05 6.7326E-05 5.8122E-06 4.7343E-06
 1.5849E+02 6.8268E-05 4.6788E-05 3.9126E-06 3.2005E-06
 1.7783E+02 4.7712E-05 3.2512E-05 2.6363E-06 2.1514E-06
 1.9953E+02 3.3306E-05 2.2514E-05 1.7985E-06 1.4456E-06
 2.2387E+02 2.3220E-05 1.5587E-05 1.2146E-06 9.7742E-07
 2.5119E+02 1.6195E-05 1.0820E-05 8.1381E-07 6.6153E-07
 2.8184E+02 1.1293E-05 7.5006E-06 5.5280E-07 4.4374E-07
 3.1623E+02 7.8568E-06 5.1838E-06 3.7443E-07 3.0031E-07
 3.5481E+02 5.4595E-06 3.5757E-06 2.5233E-07 2.0327E-07
 3.9811E+02 3.7910E-06 2.4654E-06 1.7073E-07 1.3657E-07
 4.4668E+02 2.6261E-06 1.7023E-06 1.1495E-07 9.2852E-08
 5.0119E+02 1.8194E-06 1.1696E-06 7.7484E-08 6.2634E-08
 5.6234E+02 1.2590E-06 8.0083E-07 5.2807E-08 4.1773E-08
 6.3096E+02 8.7011E-07 5.5106E-07 3.5488E-08 2.7834E-08
 7.0795E+02 5.9955E-07 3.7832E-07 2.3749E-08 1.8557E-08
 7.9433E+02 4.1160E-07 2.5740E-07 1.6014E-08 1.2538E-08
 8.9125E+02 2.8244E-07 1.7597E-07 1.0886E-08 8.3503E-09
 1.0000E+03 1.9397E-07 1.2038E-07 7.2739E-09 5.5220E-09
 1.1220E+03 1.3268E-07 8.1810E-08 4.8284E-09 3.6829E-09
 1.2589E+03 9.0486E-08 5.5404E-08 3.2440E-09 2.4606E-09
 1.4125E+03 6.1533E-08 3.7475E-08 2.1574E-09 1.6439E-09
 1.5849E+03 4.1726E-08 2.5416E-08 1.4299E-09 1.1029E-09
 1.7783E+03 2.8264E-08 1.7061E-08 9.3858E-10 7.4392E-10
 1.9953E+03 1.9079E-08 1.1402E-08 6.2205E-10 4.7749E-10
 2.2387E+03 1.2848E-08 7.6905E-09 4.1999E-10 3.1401E-10
 2.5119E+03 8.6164E-09 5.1397E-09 2.8024E-10 2.1346E-10
 2.8184E+03 5.7728E-09 3.4298E-09 1.8541E-10 1.3870E-10
 3.1623E+03 3.8663E-09 2.2911E-09 1.2191E-10 8.8095E-11
 3.5481E+03 2.5823E-09 1.5344E-09 7.8815E-11 5.9045E-11
 3.9811E+03 1.7277E-09 1.0179E-09 5.1741E-11 3.8767E-11
 4.4668E+03 1.1487E-09 6.7085E-10 3.4740E-11 2.5624E-11
 5.0119E+03 7.5586E-10 4.4574E-10 2.3254E-11 1.7479E-11
 5.6234E+03 5.0144E-10 2.9678E-10 1.5764E-11 1.1392E-11
 6.3096E+03 3.3590E-10 1.9645E-10 1.0402E-11 7.2160E-12
 7.0795E+03 2.2364E-10 1.2757E-10 6.4037E-12 4.5943E-12
 7.9433E+03 1.4730E-10 8.2569E-11 4.1324E-12 2.9918E-12
 8.9125E+03 9.6343E-11 5.4716E-11 2.6752E-12 2.1250E-12
 1.0000E+04 6.3282E-11 3.6167E-11 1.7893E-12 1.3849E-12
