 1.0000E-01 4.0470E+03 4.0807E+03 1.9383E+03 1.9850E+03
 1.1220E-01 3.6973E+03 3.7209E+03 1.7612E+03 1.7974E+03
 1.2589E-01 3.3522E+03 3.3697E+03 1.5871E+03 1.6112E+03
 1.4125E-01 3.0120E+03 3.0220E+03 1.4187E+03 1.4282E+03
 1.5849E-01 2.6844E+03 2.6832E+03 1.2534E+03 1.2523E+03
 1.7783E-01 2.3645E+03 2.3553E+03 1.1015E+03 1.0899E+03
 1.9953E-01 2.0566E+03 2.0462E+03 9.6010E+02 9.3717E+02
 2.2387E-01 1.7701E+03 1.7575E+03 8.2582E+02 7.9908E+02
 2.5119E-01 1.5106E+03 1.4956E+03 7.0364E+02 6.7594E+02
 2.8184E-01 1.2771E+03 1.2589E+03 5.9414E+02 5.6376E+02
 3.1623E-01 1.0682E+03 1.0515E+03 4.9666E+02 4.6734E+02
 3.5481E-01 8.8629E+02 8.7061E+02 4.1099E+02 3.8503E+02
 3.9811E-01 7.3032E+02 7.1572E+02 3.3772E+02 3.1263E+02
 4.4668E-01 5.9705E+02 5.8376E+02 2.7490E+02 2.5110E+02
 5.0119E-01 4.8404E+02 4.7054E+02 2.2116E+02 2.0096E+02
 5.6234E-01 3.8888E+02 3.7673E+02 1.7678E+02 1.5871E+02
 6.3096E-01 3.1076E+02 2.9936E+02 1.4009E+02 1.2438E+02
 7.0795E-01 2.4696E+02 2.3632E+02 1.0995E+02 9.7276E+01
 7.9433E-01 1.9426E+02 1.8459E+02 8.5683E+01 7.5085E+01
 8.9125E-01 1.5172E+02 1.4345E+02 6.6323E+01 5.7442E+01
 1.0000E+00 1.1835E+02 1.1114E+02 5.0833E+01 4.3582E+01
 1.1220E+00 9.1554E+01 8.5062E+01 3.8510E+01 3.2665E+01
 1.2589E+00 7.0305E+01 6.4722E+01 2.9010E+01 2.4353E+01
 1.4125E+00 5.3667E+01 4.8949E+01 2.1701E+01 1.8037E+01
 1.5849E+00 4.0831E+01 3.6759E+01 1.6056E+01 1.3206E+01
 1.7783E+00 3.0759E+01 2.7393E+01 1.1791E+01 9.5975E+00
 1.9953E+00 2.2980E+01 2.0270E+01 8.5764E+00 6.9224E+00
 2.2387E+00 1.7156E+01 1.4940E+01 6.1905E+00 4.9491E+00
 2.5119E+00 1.2706E+01 1.0935E+01 4.4459E+00 3.5096E+00
 2.8184E+00 9.3609E+00 7.9535E+00 3.1624E+00 2.4730E+00
 3.1623E+00 6.8734E+00 5.7667E+00 2.2156E+00 1.7269E+00
 3.5481E+00 5.0093E+00 4.1648E+00 1.5479E+00 1.2025E+00
 3.9811E+00 3.6486E+00 2.9952E+00 1.0732E+00 8.2829E-01
 4.4668E+00 2.6460E+00 2.1472E+00 7.4036E-01 5.6619E-01
 5.0119E+00 1.9091E+00 1.5412E+00 5.0960E-01 3.8639E-01
 5.6234E+00 1.3768E+00 1.1022E+00 3.4639E-01 2.6243E-01
 6.3096E+00 9.9109E-01 7.8425E-01 2.3429E-01 1.7776E-01
 7.0795E+00 7.1281E-01 5.5998E-01 1.5826E-01 1.2039E-01
 7.9433E+00 5.1161E-01 3.9756E-01 1.0658E-01 8.0856E-02
 8.9125E+00 3.6536E-01 2.8049E-01 7.1917E-02 5.4149E-02
 1.0000E+01 2.6031E-01 1.9915E-01 4.7965E-02 3.6389E-02
 1.1220E+01 1.8558E-01 1.4108E-01 3.1975E-02 2.4301E-02
 1.2589E+01 1.3215E-01 9.9943E-02 2.1304E-02 1.6224E-02
 1.4125E+01 9.4051E-02 7.0759E-02 1.4150E-02 1.0864E-02
 1.5849E+01 6.6963E-02 5.0116E-02 9.4056E-03 7.2367E-03
 1.7783E+01 4.7685E-02 3.5451E-02 6.2462E-03 4.8180E-03
 1.9953E+01 3.3881E-02 2.5073E-02 4.1466E-03 3.2238E-03
 2.2387E+01 2.4063E-02 1.7768E-02 2.7691E-03 2.1534E-03
 2.5119E+01 1.7092E-02 1.2552E-02 1.8400E-03 1.4386E-03
 2.8184E+01 1.2096E-02 8.8388E-03 1.2286E-03 9.6858E-04
 3.1623E+01 8.6878E-03 6.3171E-03 8.3115E-04 6.5695E-04
 3.5481E+01 6.1491E-03 4.4457E-03 5.5322E-04 4.3965E-04
 3.9811E+01 4.3449E-03 3.1275E-03 3.6966E-04 2.9517E-04
 4.4668E+01 3.0622E-03 2.1972E-03 2.4703E-04 1.9864E-04
 5.0119E+01 2.1287E-03 1.5153E-03 1.6173E-04 1.2954E-04
 5.6234E+01 1.4997E-03 1.0619E-03 1.0829E-04 8.7014E-05
 6.3096E+01 1.0542E-03 7.4366E-04 7.2499E-05 5.9024E-05
 7.0795E+01 7.3980E-04 5.1917E-04 4.8675E-05 3.9774E-05
 7.9433E+01 5.1879E-04 3.6280E-04 3.3134E-05 2.6896E-05
 8.9125E+01 3.6403E-04 2.5385E-04 2.2548E-05 1.8183E-05
 1.0000E+02 2.5511E-04 1.7658E-04 1.5099E-05 1.2282E-05
 1.1220E+02 1.7858E-04 1.2278E-04 1.0185E-05 8.3336E-06
 1.2589E+02 1.2496E-04 8.5364E-05 6.9088E-06 5.6123E-06
 1.4125E+02 8.7379E-05 5.9275E-05 4.6805E-06 3.7895E-06
 1.5849E+02 6.1055E-05 4.1108E-05 3.1642E-06 2.5839E-06
 1.7783E+02 4.2579E-05 2.8461E-05 2.1364E-06 1.7596E-06
 1.9953E+02 2.9677E-05 1.9708E-05 1.4507E-06 1.1821E-06
 2.2387E+02 2.0668E-05 1.3643E-05 9.8367E-07 7.9595E-07
 2.5119E+02 1.4361E-05 9.4347E-06 6.6634E-07 5.4676E-07
 2.8184E+02 9.9729E-06 6.4915E-06 4.5231E-07 3.7136E-07
 3.1623E+02 6.9318E-06 4.4850E-06 3.0654E-07 2.4867E-07
 3.5481E+02 4.8105E-06 3.1031E-06 2.0722E-07 1.6608E-07
 3.9811E+02 3.3274E-06 2.1362E-06 1.3978E-07 1.1231E-07
 4.4668E+02 2.3008E-06 1.4693E-06 9.4358E-08 7.5844E-08
 5.0119E+02 1.5869E-06 1.0086E-06 6.3680E-08 5.0588E-08
 5.6234E+02 1.0933E-06 6.9110E-07 4.3322E-08 3.4111E-08
 6.3096E+02 7.5255E-07 4.7123E-07 2.9028E-08 2.2886E-08
 7.0795E+02 5.1683E-07 3.2144E-07 1.9326E-08 1.5204E-08
 7.9433E+02 3.5372E-07 2.1894E-07 1.3027E-08 9.9485E-09
 8.9125E+02 2.4087E-07 1.4915E-07 8.7486E-09 6.7486E-09
 1.0000E+03 1.6454E-07 1.0134E-07 5.8428E-09 4.5229E-09
 1.1220E+03 1.1199E-07 6.8500E-08 3.9010E-09 2.9624E-09
 1.2589E+03 7.5706E-08 4.6173E-08 2.5728E-09 2.0037E-09
 1.4125E+03 5.1274E-08 3.1132E-08 1.7292E-09 1.3123E-09
 1.5849E+03 3.4795E-08 2.0992E-08 1.1719E-09 8.6394E-10
 1.7783E+03 2.3398E-08 1.4064E-08 7.6640E-10 5.7463E-10
 1.9953E+03 1.5650E-08 9.4091E-09 4.9927E-10 3.7555E-10
 2.2387E+03 1.0494E-08 6.2434E-09 3.2589E-10 2.5304E-10
 2.5119E+03 7.0169E-09 4.1612E-09 2.1535E-10 1.6650E-10
 2.8184E+03 4.6778E-09 2.7849E-09 1.4393E-10 1.0912E-10
 3.1623E+03 3.1293E-09 1.8504E-09 9.7133E-11 7.1718E-11
 3.5481E+03 2.0726E-09 1.2267E-09 6.2755E-11 4.6310E-11
 3.9811E+03 1.3693E-09 8.0845E-10 4.1826E-11 3.0876E-11
 4.4668E+03 9.0915E-10 5.3077E-10 2.8007E-11 2.0348E-11
 5.0119E+03 6.0545E-10 3.5304E-10 1.8211E-11 1.2960E-11
 5.6234E+03 3.9819E-10 2.3285E-10 1.2122E-11 8.4762E-12
 6.3096E+03 2.6328E-10 1.5274E-10 7.7291E-12 5.6403E-12
 7.0795E+03 1.7535E-10 1.0141E-10 5.0257E-12 3.7201E-12
 7.9433E+03 1.1539E-10 6.6132E-11 3.3679E-12 2.2754E-12
 8.9125E+03 7.5861E-11 4.3186E-11 2.1885E-12 1.3879E-12
 1.0000E+04 4.9663E-11 2.8545E-11 1.4234E-12 9.6245E-13 1.0000E-01 4.0470E+03 4.0807E+03 1.9383E+03 1.9850E+03
 1.1220E-01 3.6973E+03 3.7209E+03 1.7612E+03 1.7974E+03
 1.2589E-01 3.3522E+03 3.3697E+03 1.5871E+03 1.6112E+03
 1.4125E-01 3.0120E+03 3.0220E+03 1.4187E+03 1.4282E+03
 1.5849E-01 2.6844E+03 2.6832E+03 1.2534E+03 1.2523E+03
 1.7783E-01 2.3645E+03 2.3553E+03 1.1015E+03 1.0899E+03
 1.9953E-01 2.0566E+03 2.0462E+03 9.6010E+02 9.3717E+02
 2.2387E-01 1.7701E+03 1.7575E+03 8.2582E+02 7.9908E+02
 2.5119E-01 1.5106E+03 1.4956E+03 7.0364E+02 6.7594E+02
 2.8184E-01 1.2771E+03 1.2589E+03 5.9414E+02 5.6376E+02
 3.1623E-01 1.0682E+03 1.0515E+03 4.9666E+02 4.6734E+02
 3.5481E-01 8.8629E+02 8.7061E+02 4.1099E+02 3.8503E+02
 3.9811E-01 7.3032E+02 7.1572E+02 3.3772E+02 3.1263E+02
 4.4668E-01 5.9705E+02 5.8376E+02 2.7490E+02 2.5110E+02
 5.0119E-01 4.8404E+02 4.7054E+02 2.2116E+02 2.0096E+02
 5.6234E-01 3.8888E+02 3.7673E+02 1.7678E+02 1.5871E+02
 6.3096E-01 3.1076E+02 2.9936E+02 1.4009E+02 1.2438E+02
 7.0795E-01 2.4696E+02 2.3632E+02 1.0995E+02 9.7276E+01
 7.9433E-01 1.9426E+02 1.8459E+02 8.5683E+01 7.5085E+01
 8.9125E-01 1.5172E+02 1.4345E+02 6.6323E+01 5.7442E+01
 1.0000E+00 1.1835E+02 1.1114E+02 5.0833E+01 4.3582E+01
 1.1220E+00 9.1554E+01 8.5062E+01 3.8510E+01 3.2665E+01
 1.2589E+00 7.0305E+01 6.4722E+01 2.9010E+01 2.4353E+01
 1.4125E+00 5.3667E+01 4.8949E+01 2.1701E+01 1.8037E+01
 1.5849E+00 4.0831E+01 3.6759E+01 1.6056E+01 1.3206E+01
 1.7783E+00 3.0759E+01 2.7393E+01 1.1791E+01 9.5975E+00
 1.9953E+00 2.2980E+01 2.0270E+01 8.5764E+00 6.9224E+00
 2.2387E+00 1.7156E+01 1.4940E+01 6.1905E+00 4.9491E+00
 2.5119E+00 1.2706E+01 1.0935E+01 4.4459E+00 3.5096E+00
 2.8184E+00 9.3609E+00 7.9535E+00 3.1624E+00 2.4730E+00
 3.1623E+00 6.8734E+00 5.7667E+00 2.2156E+00 1.7269E+00
 3.5481E+00 5.0093E+00 4.1648E+00 1.5479E+00 1.2025E+00
 3.9811E+00 3.6486E+00 2.9952E+00 1.0732E+00 8.2829E-01
 4.4668E+00 2.6460E+00 2.1472E+00 7.4036E-01 5.6619E-01
 5.0119E+00 1.9091E+00 1.5412E+00 5.0960E-01 3.8639E-01
 5.6234E+00 1.3768E+00 1.1022E+00 3.4639E-01 2.6243E-01
 6.3096E+00 9.9109E-01 7.8425E-01 2.3429E-01 1.7776E-01
 7.0795E+00 7.1281E-01 5.5998E-01 1.5826E-01 1.2039E-01
 7.9433E+00 5.1161E-01 3.9756E-01 1.0658E-01 8.0856E-02
 8.9125E+00 3.6536E-01 2.8049E-01 7.1917E-02 5.4149E-02
 1.0000E+01 2.6031E-01 1.9915E-01 4.7965E-02 3.6389E-02
 1.1220E+01 1.8558E-01 1.4108E-01 3.1975E-02 2.4301E-02
 1.2589E+01 1.3215E-01 9.9943E-02 2.1304E-02 1.6224E-02
 1.4125E+01 9.4051E-02 7.0759E-02 1.4150E-02 1.0864E-02
 1.5849E+01 6.6963E-02 5.0116E-02 9.4056E-03 7.2367E-03
 1.7783E+01 4.7685E-02 3.5451E-02 6.2462E-03 4.8180E-03
 1.9953E+01 3.3881E-02 2.5073E-02 4.1466E-03 3.2238E-03
 2.2387E+01 2.4063E-02 1.7768E-02 2.7691E-03 2.1534E-03
 2.5119E+01 1.7092E-02 1.2552E-02 1.8400E-03 1.4386E-03
 2.8184E+01 1.2096E-02 8.8388E-03 1.2286E-03 9.6858E-04
 3.1623E+01 8.6878E-03 6.3171E-03 8.3115E-04 6.5695E-04
 3.5481E+01 6.1491E-03 4.4457E-03 5.5322E-04 4.3965E-04
 3.9811E+01 4.3449E-03 3.1275E-03 3.6966E-04 2.9517E-04
 4.4668E+01 3.0622E-03 2.1972E-03 2.4703E-04 1.9864E-04
 5.0119E+01 2.1287E-03 1.5153E-03 1.6173E-04 1.2954E-04
 5.6234E+01 1.4997E-03 1.0619E-03 1.0829E-04 8.7014E-05
 6.3096E+01 1.0542E-03 7.4366E-04 7.2499E-05 5.9024E-05
 7.0795E+01 7.3980E-04 5.1917E-04 4.8675E-05 3.9774E-05
 7.9433E+01 5.1879E-04 3.6280E-04 3.3134E-05 2.6896E-05
 8.9125E+01 3.6403E-04 2.5385E-04 2.2548E-05 1.8183E-05
 1.0000E+02 2.5511E-04 1.7658E-04 1.5099E-05 1.2282E-05
 1.1220E+02 1.7858E-04 1.2278E-04 1.0185E-05 8.3336E-06
 1.2589E+02 1.2496E-04 8.5364E-05 6.9088E-06 5.6123E-06
 1.4125E+02 8.7379E-05 5.9275E-05 4.6805E-06 3.7895E-06
 1.5849E+02 6.1055E-05 4.1108E-05 3.1642E-06 2.5839E-06
 1.7783E+02 4.2579E-05 2.8461E-05 2.1364E-06 1.7596E-06
 1.9953E+02 2.9677E-05 1.9708E-05 1.4507E-06 1.1821E-06
 2.2387E+02 2.0668E-05 1.3643E-05 9.8367E-07 7.9595E-07
 2.5119E+02 1.4361E-05 9.4347E-06 6.6634E-07 5.4676E-07
 2.8184E+02 9.9729E-06 6.4915E-06 4.5231E-07 3.7136E-07
 3.1623E+02 6.9318E-06 4.4850E-06 3.0654E-07 2.4867E-07
 3.5481E+02 4.8105E-06 3.1031E-06 2.0722E-07 1.6608E-07
 3.9811E+02 3.3274E-06 2.1362E-06 1.3978E-07 1.1231E-07
 4.4668E+02 2.3008E-06 1.4693E-06 9.4358E-08 7.5844E-08
 5.0119E+02 1.5869E-06 1.0086E-06 6.3680E-08 5.0588E-08
 5.6234E+02 1.0933E-06 6.9110E-07 4.3322E-08 3.4111E-08
 6.3096E+02 7.5255E-07 4.7123E-07 2.9028E-08 2.2886E-08
 7.0795E+02 5.1683E-07 3.2144E-07 1.9326E-08 1.5204E-08
 7.9433E+02 3.5372E-07 2.1894E-07 1.3027E-08 9.9485E-09
 8.9125E+02 2.4087E-07 1.4915E-07 8.7486E-09 6.7486E-09
 1.0000E+03 1.6454E-07 1.0134E-07 5.8428E-09 4.5229E-09
 1.1220E+03 1.1199E-07 6.8500E-08 3.9010E-09 2.9624E-09
 1.2589E+03 7.5706E-08 4.6173E-08 2.5728E-09 2.0037E-09
 1.4125E+03 5.1274E-08 3.1132E-08 1.7292E-09 1.3123E-09
 1.5849E+03 3.4795E-08 2.0992E-08 1.1719E-09 8.6394E-10
 1.7783E+03 2.3398E-08 1.4064E-08 7.6640E-10 5.7463E-10
 1.9953E+03 1.5650E-08 9.4091E-09 4.9927E-10 3.7555E-10
 2.2387E+03 1.0494E-08 6.2434E-09 3.2589E-10 2.5304E-10
 2.5119E+03 7.0169E-09 4.1612E-09 2.1535E-10 1.6650E-10
 2.8184E+03 4.6778E-09 2.7849E-09 1.4393E-10 1.0912E-10
 3.1623E+03 3.1293E-09 1.8504E-09 9.7133E-11 7.1718E-11
 3.5481E+03 2.0726E-09 1.2267E-09 6.2755E-11 4.6310E-11
 3.9811E+03 1.3693E-09 8.0845E-10 4.1826E-11 3.0876E-11
 4.4668E+03 9.0915E-10 5.3077E-10 2.8007E-11 2.0348E-11
 5.0119E+03 6.0545E-10 3.5304E-10 1.8211E-11 1.2960E-11
 5.6234E+03 3.9819E-10 2.3285E-10 1.2122E-11 8.4762E-12
 6.3096E+03 2.6328E-10 1.5274E-10 7.7291E-12 5.6403E-12
 7.0795E+03 1.7535E-10 1.0141E-10 5.0257E-12 3.7201E-12
 7.9433E+03 1.1539E-10 6.6132E-11 3.3679E-12 2.2754E-12
 8.9125E+03 7.5861E-11 4.3186E-11 2.1885E-12 1.3879E-12
 1.0000E+04 4.9663E-11 2.8545E-11 1.4234E-12 9.6245E-13 1.0000E-01 4.0470E+03 4.0807E+03 1.9383E+03 1.9850E+03
 1.1220E-01 3.6973E+03 3.7209E+03 1.7612E+03 1.7974E+03
 1.2589E-01 3.3522E+03 3.3697E+03 1.5871E+03 1.6112E+03
 1.4125E-01 3.0120E+03 3.0220E+03 1.4187E+03 1.4282E+03
 1.5849E-01 2.6844E+03 2.6832E+03 1.2534E+03 1.2523E+03
 1.7783E-01 2.3645E+03 2.3553E+03 1.1015E+03 1.0899E+03
 1.9953E-01 2.0566E+03 2.0462E+03 9.6010E+02 9.3717E+02
 2.2387E-01 1.7701E+03 1.7575E+03 8.2582E+02 7.9908E+02
 2.5119E-01 1.5106E+03 1.4956E+03 7.0364E+02 6.7594E+02
 2.8184E-01 1.2771E+03 1.2589E+03 5.9414E+02 5.6376E+02
 3.1623E-01 1.0682E+03 1.0515E+03 4.9666E+02 4.6734E+02
 3.5481E-01 8.8629E+02 8.7061E+02 4.1099E+02 3.8503E+02
 3.9811E-01 7.3032E+02 7.1572E+02 3.3772E+02 3.1263E+02
 4.4668E-01 5.9705E+02 5.8376E+02 2.7490E+02 2.5110E+02
 5.0119E-01 4.8404E+02 4.7054E+02 2.2116E+02 2.0096E+02
 5.6234E-01 3.8888E+02 3.7673E+02 1.7678E+02 1.5871E+02
 6.3096E-01 3.1076E+02 2.9936E+02 1.4009E+02 1.2438E+02
 7.0795E-01 2.4696E+02 2.3632E+02 1.0995E+02 9.7276E+01
 7.9433E-01 1.9426E+02 1.8459E+02 8.5683E+01 7.5085E+01
 8.9125E-01 1.5172E+02 1.4345E+02 6.6323E+01 5.7442E+01
 1.0000E+00 1.1835E+02 1.1114E+02 5.0833E+01 4.3582E+01
 1.1220E+00 9.1554E+01 8.5062E+01 3.8510E+01 3.2665E+01
 1.2589E+00 7.0305E+01 6.4722E+01 2.9010E+01 2.4353E+01
 1.4125E+00 5.3667E+01 4.8949E+01 2.1701E+01 1.8037E+01
 1.5849E+00 4.0831E+01 3.6759E+01 1.6056E+01 1.3206E+01
 1.7783E+00 3.0759E+01 2.7393E+01 1.1791E+01 9.5975E+00
 1.9953E+00 2.2980E+01 2.0270E+01 8.5764E+00 6.9224E+00
 2.2387E+00 1.7156E+01 1.4940E+01 6.1905E+00 4.9491E+00
 2.5119E+00 1.2706E+01 1.0935E+01 4.4459E+00 3.5096E+00
 2.8184E+00 9.3609E+00 7.9535E+00 3.1624E+00 2.4730E+00
 3.1623E+00 6.8734E+00 5.7667E+00 2.2156E+00 1.7269E+00
 3.5481E+00 5.0093E+00 4.1648E+00 1.5479E+00 1.2025E+00
 3.9811E+00 3.6486E+00 2.9952E+00 1.0732E+00 8.2829E-01
 4.4668E+00 2.6460E+00 2.1472E+00 7.4036E-01 5.6619E-01
 5.0119E+00 1.9091E+00 1.5412E+00 5.0960E-01 3.8639E-01
 5.6234E+00 1.3768E+00 1.1022E+00 3.4639E-01 2.6243E-01
 6.3096E+00 9.9109E-01 7.8425E-01 2.3429E-01 1.7776E-01
 7.0795E+00 7.1281E-01 5.5998E-01 1.5826E-01 1.2039E-01
 7.9433E+00 5.1161E-01 3.9756E-01 1.0658E-01 8.0856E-02
 8.9125E+00 3.6536E-01 2.8049E-01 7.1917E-02 5.4149E-02
 1.0000E+01 2.6031E-01 1.9915E-01 4.7965E-02 3.6389E-02
 1.1220E+01 1.8558E-01 1.4108E-01 3.1975E-02 2.4301E-02
 1.2589E+01 1.3215E-01 9.9943E-02 2.1304E-02 1.6224E-02
 1.4125E+01 9.4051E-02 7.0759E-02 1.4150E-02 1.0864E-02
 1.5849E+01 6.6963E-02 5.0116E-02 9.4056E-03 7.2367E-03
 1.7783E+01 4.7685E-02 3.5451E-02 6.2462E-03 4.8180E-03
 1.9953E+01 3.3881E-02 2.5073E-02 4.1466E-03 3.2238E-03
 2.2387E+01 2.4063E-02 1.7768E-02 2.7691E-03 2.1534E-03
 2.5119E+01 1.7092E-02 1.2552E-02 1.8400E-03 1.4386E-03
 2.8184E+01 1.2096E-02 8.8388E-03 1.2286E-03 9.6858E-04
 3.1623E+01 8.6878E-03 6.3171E-03 8.3115E-04 6.5695E-04
 3.5481E+01 6.1491E-03 4.4457E-03 5.5322E-04 4.3965E-04
 3.9811E+01 4.3449E-03 3.1275E-03 3.6966E-04 2.9517E-04
 4.4668E+01 3.0622E-03 2.1972E-03 2.4703E-04 1.9864E-04
 5.0119E+01 2.1287E-03 1.5153E-03 1.6173E-04 1.2954E-04
 5.6234E+01 1.4997E-03 1.0619E-03 1.0829E-04 8.7014E-05
 6.3096E+01 1.0542E-03 7.4366E-04 7.2499E-05 5.9024E-05
 7.0795E+01 7.3980E-04 5.1917E-04 4.8675E-05 3.9774E-05
 7.9433E+01 5.1879E-04 3.6280E-04 3.3134E-05 2.6896E-05
 8.9125E+01 3.6403E-04 2.5385E-04 2.2548E-05 1.8183E-05
 1.0000E+02 2.5511E-04 1.7658E-04 1.5099E-05 1.2282E-05
 1.1220E+02 1.7858E-04 1.2278E-04 1.0185E-05 8.3336E-06
 1.2589E+02 1.2496E-04 8.5364E-05 6.9088E-06 5.6123E-06
 1.4125E+02 8.7379E-05 5.9275E-05 4.6805E-06 3.7895E-06
 1.5849E+02 6.1055E-05 4.1108E-05 3.1642E-06 2.5839E-06
 1.7783E+02 4.2579E-05 2.8461E-05 2.1364E-06 1.7596E-06
 1.9953E+02 2.9677E-05 1.9708E-05 1.4507E-06 1.1821E-06
 2.2387E+02 2.0668E-05 1.3643E-05 9.8367E-07 7.9595E-07
 2.5119E+02 1.4361E-05 9.4347E-06 6.6634E-07 5.4676E-07
 2.8184E+02 9.9729E-06 6.4915E-06 4.5231E-07 3.7136E-07
 3.1623E+02 6.9318E-06 4.4850E-06 3.0654E-07 2.4867E-07
 3.5481E+02 4.8105E-06 3.1031E-06 2.0722E-07 1.6608E-07
 3.9811E+02 3.3274E-06 2.1362E-06 1.3978E-07 1.1231E-07
 4.4668E+02 2.3008E-06 1.4693E-06 9.4358E-08 7.5844E-08
 5.0119E+02 1.5869E-06 1.0086E-06 6.3680E-08 5.0588E-08
 5.6234E+02 1.0933E-06 6.9110E-07 4.3322E-08 3.4111E-08
 6.3096E+02 7.5255E-07 4.7123E-07 2.9028E-08 2.2886E-08
 7.0795E+02 5.1683E-07 3.2144E-07 1.9326E-08 1.5204E-08
 7.9433E+02 3.5372E-07 2.1894E-07 1.3027E-08 9.9485E-09
 8.9125E+02 2.4087E-07 1.4915E-07 8.7486E-09 6.7486E-09
 1.0000E+03 1.6454E-07 1.0134E-07 5.8428E-09 4.5229E-09
 1.1220E+03 1.1199E-07 6.8500E-08 3.9010E-09 2.9624E-09
 1.2589E+03 7.5706E-08 4.6173E-08 2.5728E-09 2.0037E-09
 1.4125E+03 5.1274E-08 3.1132E-08 1.7292E-09 1.3123E-09
 1.5849E+03 3.4795E-08 2.0992E-08 1.1719E-09 8.6394E-10
 1.7783E+03 2.3398E-08 1.4064E-08 7.6640E-10 5.7463E-10
 1.9953E+03 1.5650E-08 9.4091E-09 4.9927E-10 3.7555E-10
 2.2387E+03 1.0494E-08 6.2434E-09 3.2589E-10 2.5304E-10
 2.5119E+03 7.0169E-09 4.1612E-09 2.1535E-10 1.6650E-10
 2.8184E+03 4.6778E-09 2.7849E-09 1.4393E-10 1.0912E-10
 3.1623E+03 3.1293E-09 1.8504E-09 9.7133E-11 7.1718E-11
 3.5481E+03 2.0726E-09 1.2267E-09 6.2755E-11 4.6310E-11
 3.9811E+03 1.3693E-09 8.0845E-10 4.1826E-11 3.0876E-11
 4.4668E+03 9.0915E-10 5.3077E-10 2.8007E-11 2.0348E-11
 5.0119E+03 6.0545E-10 3.5304E-10 1.8211E-11 1.2960E-11
 5.6234E+03 3.9819E-10 2.3285E-10 1.2122E-11 8.4762E-12
 6.3096E+03 2.6328E-10 1.5274E-10 7.7291E-12 5.6403E-12
 7.0795E+03 1.7535E-10 1.0141E-10 5.0257E-12 3.7201E-12
 7.9433E+03 1.1539E-10 6.6132E-11 3.3679E-12 2.2754E-12
 8.9125E+03 7.5861E-11 4.3186E-11 2.1885E-12 1.3879E-12
 1.0000E+04 4.9663E-11 2.8545E-11 1.4234E-12 9.6245E-13 1.0000E-01 4.0470E+03 4.0807E+03 1.9383E+03 1.9850E+03
 1.1220E-01 3.6973E+03 3.7209E+03 1.7612E+03 1.7974E+03
 1.2589E-01 3.3522E+03 3.3697E+03 1.5871E+03 1.6112E+03
 1.4125E-01 3.0120E+03 3.0220E+03 1.4187E+03 1.4282E+03
 1.5849E-01 2.6844E+03 2.6832E+03 1.2534E+03 1.2523E+03
 1.7783E-01 2.3645E+03 2.3553E+03 1.1015E+03 1.0899E+03
 1.9953E-01 2.0566E+03 2.0462E+03 9.6010E+02 9.3717E+02
 2.2387E-01 1.7701E+03 1.7575E+03 8.2582E+02 7.9908E+02
 2.5119E-01 1.5106E+03 1.4956E+03 7.0364E+02 6.7594E+02
 2.8184E-01 1.2771E+03 1.2589E+03 5.9414E+02 5.6376E+02
 3.1623E-01 1.0682E+03 1.0515E+03 4.9666E+02 4.6734E+02
 3.5481E-01 8.8629E+02 8.7061E+02 4.1099E+02 3.8503E+02
 3.9811E-01 7.3032E+02 7.1572E+02 3.3772E+02 3.1263E+02
 4.4668E-01 5.9705E+02 5.8376E+02 2.7490E+02 2.5110E+02
 5.0119E-01 4.8404E+02 4.7054E+02 2.2116E+02 2.0096E+02
 5.6234E-01 3.8888E+02 3.7673E+02 1.7678E+02 1.5871E+02
 6.3096E-01 3.1076E+02 2.9936E+02 1.4009E+02 1.2438E+02
 7.0795E-01 2.4696E+02 2.3632E+02 1.0995E+02 9.7276E+01
 7.9433E-01 1.9426E+02 1.8459E+02 8.5683E+01 7.5085E+01
 8.9125E-01 1.5172E+02 1.4345E+02 6.6323E+01 5.7442E+01
 1.0000E+00 1.1835E+02 1.1114E+02 5.0833E+01 4.3582E+01
 1.1220E+00 9.1554E+01 8.5062E+01 3.8510E+01 3.2665E+01
 1.2589E+00 7.0305E+01 6.4722E+01 2.9010E+01 2.4353E+01
 1.4125E+00 5.3667E+01 4.8949E+01 2.1701E+01 1.8037E+01
 1.5849E+00 4.0831E+01 3.6759E+01 1.6056E+01 1.3206E+01
 1.7783E+00 3.0759E+01 2.7393E+01 1.1791E+01 9.5975E+00
 1.9953E+00 2.2980E+01 2.0270E+01 8.5764E+00 6.9224E+00
 2.2387E+00 1.7156E+01 1.4940E+01 6.1905E+00 4.9491E+00
 2.5119E+00 1.2706E+01 1.0935E+01 4.4459E+00 3.5096E+00
 2.8184E+00 9.3609E+00 7.9535E+00 3.1624E+00 2.4730E+00
 3.1623E+00 6.8734E+00 5.7667E+00 2.2156E+00 1.7269E+00
 3.5481E+00 5.0093E+00 4.1648E+00 1.5479E+00 1.2025E+00
 3.9811E+00 3.6486E+00 2.9952E+00 1.0732E+00 8.2829E-01
 4.4668E+00 2.6460E+00 2.1472E+00 7.4036E-01 5.6619E-01
 5.0119E+00 1.9091E+00 1.5412E+00 5.0960E-01 3.8639E-01
 5.6234E+00 1.3768E+00 1.1022E+00 3.4639E-01 2.6243E-01
 6.3096E+00 9.9109E-01 7.8425E-01 2.3429E-01 1.7776E-01
 7.0795E+00 7.1281E-01 5.5998E-01 1.5826E-01 1.2039E-01
 7.9433E+00 5.1161E-01 3.9756E-01 1.0658E-01 8.0856E-02
 8.9125E+00 3.6536E-01 2.8049E-01 7.1917E-02 5.4149E-02
 1.0000E+01 2.6031E-01 1.9915E-01 4.7965E-02 3.6389E-02
 1.1220E+01 1.8558E-01 1.4108E-01 3.1975E-02 2.4301E-02
 1.2589E+01 1.3215E-01 9.9943E-02 2.1304E-02 1.6224E-02
 1.4125E+01 9.4051E-02 7.0759E-02 1.4150E-02 1.0864E-02
 1.5849E+01 6.6963E-02 5.0116E-02 9.4056E-03 7.2367E-03
 1.7783E+01 4.7685E-02 3.5451E-02 6.2462E-03 4.8180E-03
 1.9953E+01 3.3881E-02 2.5073E-02 4.1466E-03 3.2238E-03
 2.2387E+01 2.4063E-02 1.7768E-02 2.7691E-03 2.1534E-03
 2.5119E+01 1.7092E-02 1.2552E-02 1.8400E-03 1.4386E-03
 2.8184E+01 1.2096E-02 8.8388E-03 1.2286E-03 9.6858E-04
 3.1623E+01 8.6878E-03 6.3171E-03 8.3115E-04 6.5695E-04
 3.5481E+01 6.1491E-03 4.4457E-03 5.5322E-04 4.3965E-04
 3.9811E+01 4.3449E-03 3.1275E-03 3.6966E-04 2.9517E-04
 4.4668E+01 3.0622E-03 2.1972E-03 2.4703E-04 1.9864E-04
 5.0119E+01 2.1287E-03 1.5153E-03 1.6173E-04 1.2954E-04
 5.6234E+01 1.4997E-03 1.0619E-03 1.0829E-04 8.7014E-05
 6.3096E+01 1.0542E-03 7.4366E-04 7.2499E-05 5.9024E-05
 7.0795E+01 7.3980E-04 5.1917E-04 4.8675E-05 3.9774E-05
 7.9433E+01 5.1879E-04 3.6280E-04 3.3134E-05 2.6896E-05
 8.9125E+01 3.6403E-04 2.5385E-04 2.2548E-05 1.8183E-05
 1.0000E+02 2.5511E-04 1.7658E-04 1.5099E-05 1.2282E-05
 1.1220E+02 1.7858E-04 1.2278E-04 1.0185E-05 8.3336E-06
 1.2589E+02 1.2496E-04 8.5364E-05 6.9088E-06 5.6123E-06
 1.4125E+02 8.7379E-05 5.9275E-05 4.6805E-06 3.7895E-06
 1.5849E+02 6.1055E-05 4.1108E-05 3.1642E-06 2.5839E-06
 1.7783E+02 4.2579E-05 2.8461E-05 2.1364E-06 1.7596E-06
 1.9953E+02 2.9677E-05 1.9708E-05 1.4507E-06 1.1821E-06
 2.2387E+02 2.0668E-05 1.3643E-05 9.8367E-07 7.9595E-07
 2.5119E+02 1.4361E-05 9.4347E-06 6.6634E-07 5.4676E-07
 2.8184E+02 9.9729E-06 6.4915E-06 4.5231E-07 3.7136E-07
 3.1623E+02 6.9318E-06 4.4850E-06 3.0654E-07 2.4867E-07
 3.5481E+02 4.8105E-06 3.1031E-06 2.0722E-07 1.6608E-07
 3.9811E+02 3.3274E-06 2.1362E-06 1.3978E-07 1.1231E-07
 4.4668E+02 2.3008E-06 1.4693E-06 9.4358E-08 7.5844E-08
 5.0119E+02 1.5869E-06 1.0086E-06 6.3680E-08 5.0588E-08
 5.6234E+02 1.0933E-06 6.9110E-07 4.3322E-08 3.4111E-08
 6.3096E+02 7.5255E-07 4.7123E-07 2.9028E-08 2.2886E-08
 7.0795E+02 5.1683E-07 3.2144E-07 1.9326E-08 1.5204E-08
 7.9433E+02 3.5372E-07 2.1894E-07 1.3027E-08 9.9485E-09
 8.9125E+02 2.4087E-07 1.4915E-07 8.7486E-09 6.7486E-09
 1.0000E+03 1.6454E-07 1.0134E-07 5.8428E-09 4.5229E-09
 1.1220E+03 1.1199E-07 6.8500E-08 3.9010E-09 2.9624E-09
 1.2589E+03 7.5706E-08 4.6173E-08 2.5728E-09 2.0037E-09
 1.4125E+03 5.1274E-08 3.1132E-08 1.7292E-09 1.3123E-09
 1.5849E+03 3.4795E-08 2.0992E-08 1.1719E-09 8.6394E-10
 1.7783E+03 2.3398E-08 1.4064E-08 7.6640E-10 5.7463E-10
 1.9953E+03 1.5650E-08 9.4091E-09 4.9927E-10 3.7555E-10
 2.2387E+03 1.0494E-08 6.2434E-09 3.2589E-10 2.5304E-10
 2.5119E+03 7.0169E-09 4.1612E-09 2.1535E-10 1.6650E-10
 2.8184E+03 4.6778E-09 2.7849E-09 1.4393E-10 1.0912E-10
 3.1623E+03 3.1293E-09 1.8504E-09 9.7133E-11 7.1718E-11
 3.5481E+03 2.0726E-09 1.2267E-09 6.2755E-11 4.6310E-11
 3.9811E+03 1.3693E-09 8.0845E-10 4.1826E-11 3.0876E-11
 4.4668E+03 9.0915E-10 5.3077E-10 2.8007E-11 2.0348E-11
 5.0119E+03 6.0545E-10 3.5304E-10 1.8211E-11 1.2960E-11
 5.6234E+03 3.9819E-10 2.3285E-10 1.2122E-11 8.4762E-12
 6.3096E+03 2.6328E-10 1.5274E-10 7.7291E-12 5.6403E-12
 7.0795E+03 1.7535E-10 1.0141E-10 5.0257E-12 3.7201E-12
 7.9433E+03 1.1539E-10 6.6132E-11 3.3679E-12 2.2754E-12
 8.9125E+03 7.5861E-11 4.3186E-11 2.1885E-12 1.3879E-12
 1.0000E+04 4.9663E-11 2.8545E-11 1.4234E-12 9.6245E-13 1.0000E-01 4.0470E+03 4.0807E+03 1.9383E+03 1.9850E+03
 1.1220E-01 3.6973E+03 3.7209E+03 1.7612E+03 1.7974E+03
 1.2589E-01 3.3522E+03 3.3697E+03 1.5871E+03 1.6112E+03
 1.4125E-01 3.0120E+03 3.0220E+03 1.4187E+03 1.4282E+03
 1.5849E-01 2.6844E+03 2.6832E+03 1.2534E+03 1.2523E+03
 1.7783E-01 2.3645E+03 2.3553E+03 1.1015E+03 1.0899E+03
 1.9953E-01 2.0566E+03 2.0462E+03 9.6010E+02 9.3717E+02
 2.2387E-01 1.7701E+03 1.7575E+03 8.2582E+02 7.9908E+02
 2.5119E-01 1.5106E+03 1.4956E+03 7.0364E+02 6.7594E+02
 2.8184E-01 1.2771E+03 1.2589E+03 5.9414E+02 5.6376E+02
 3.1623E-01 1.0682E+03 1.0515E+03 4.9666E+02 4.6734E+02
 3.5481E-01 8.8629E+02 8.7061E+02 4.1099E+02 3.8503E+02
 3.9811E-01 7.3032E+02 7.1572E+02 3.3772E+02 3.1263E+02
 4.4668E-01 5.9705E+02 5.8376E+02 2.7490E+02 2.5110E+02
 5.0119E-01 4.8404E+02 4.7054E+02 2.2116E+02 2.0096E+02
 5.6234E-01 3.8888E+02 3.7673E+02 1.7678E+02 1.5871E+02
 6.3096E-01 3.1076E+02 2.9936E+02 1.4009E+02 1.2438E+02
 7.0795E-01 2.4696E+02 2.3632E+02 1.0995E+02 9.7276E+01
 7.9433E-01 1.9426E+02 1.8459E+02 8.5683E+01 7.5085E+01
 8.9125E-01 1.5172E+02 1.4345E+02 6.6323E+01 5.7442E+01
 1.0000E+00 1.1835E+02 1.1114E+02 5.0833E+01 4.3582E+01
 1.1220E+00 9.1554E+01 8.5062E+01 3.8510E+01 3.2665E+01
 1.2589E+00 7.0305E+01 6.4722E+01 2.9010E+01 2.4353E+01
 1.4125E+00 5.3667E+01 4.8949E+01 2.1701E+01 1.8037E+01
 1.5849E+00 4.0831E+01 3.6759E+01 1.6056E+01 1.3206E+01
 1.7783E+00 3.0759E+01 2.7393E+01 1.1791E+01 9.5975E+00
 1.9953E+00 2.2980E+01 2.0270E+01 8.5764E+00 6.9224E+00
 2.2387E+00 1.7156E+01 1.4940E+01 6.1905E+00 4.9491E+00
 2.5119E+00 1.2706E+01 1.0935E+01 4.4459E+00 3.5096E+00
 2.8184E+00 9.3609E+00 7.9535E+00 3.1624E+00 2.4730E+00
 3.1623E+00 6.8734E+00 5.7667E+00 2.2156E+00 1.7269E+00
 3.5481E+00 5.0093E+00 4.1648E+00 1.5479E+00 1.2025E+00
 3.9811E+00 3.6486E+00 2.9952E+00 1.0732E+00 8.2829E-01
 4.4668E+00 2.6460E+00 2.1472E+00 7.4036E-01 5.6619E-01
 5.0119E+00 1.9091E+00 1.5412E+00 5.0960E-01 3.8639E-01
 5.6234E+00 1.3768E+00 1.1022E+00 3.4639E-01 2.6243E-01
 6.3096E+00 9.9109E-01 7.8425E-01 2.3429E-01 1.7776E-01
 7.0795E+00 7.1281E-01 5.5998E-01 1.5826E-01 1.2039E-01
 7.9433E+00 5.1161E-01 3.9756E-01 1.0658E-01 8.0856E-02
 8.9125E+00 3.6536E-01 2.8049E-01 7.1917E-02 5.4149E-02
 1.0000E+01 2.6031E-01 1.9915E-01 4.7965E-02 3.6389E-02
 1.1220E+01 1.8558E-01 1.4108E-01 3.1975E-02 2.4301E-02
 1.2589E+01 1.3215E-01 9.9943E-02 2.1304E-02 1.6224E-02
 1.4125E+01 9.4051E-02 7.0759E-02 1.4150E-02 1.0864E-02
 1.5849E+01 6.6963E-02 5.0116E-02 9.4056E-03 7.2367E-03
 1.7783E+01 4.7685E-02 3.5451E-02 6.2462E-03 4.8180E-03
 1.9953E+01 3.3881E-02 2.5073E-02 4.1466E-03 3.2238E-03
 2.2387E+01 2.4063E-02 1.7768E-02 2.7691E-03 2.1534E-03
 2.5119E+01 1.7092E-02 1.2552E-02 1.8400E-03 1.4386E-03
 2.8184E+01 1.2096E-02 8.8388E-03 1.2286E-03 9.6858E-04
 3.1623E+01 8.6878E-03 6.3171E-03 8.3115E-04 6.5695E-04
 3.5481E+01 6.1491E-03 4.4457E-03 5.5322E-04 4.3965E-04
 3.9811E+01 4.3449E-03 3.1275E-03 3.6966E-04 2.9517E-04
 4.4668E+01 3.0622E-03 2.1972E-03 2.4703E-04 1.9864E-04
 5.0119E+01 2.1287E-03 1.5153E-03 1.6173E-04 1.2954E-04
 5.6234E+01 1.4997E-03 1.0619E-03 1.0829E-04 8.7014E-05
 6.3096E+01 1.0542E-03 7.4366E-04 7.2499E-05 5.9024E-05
 7.0795E+01 7.3980E-04 5.1917E-04 4.8675E-05 3.9774E-05
 7.9433E+01 5.1879E-04 3.6280E-04 3.3134E-05 2.6896E-05
 8.9125E+01 3.6403E-04 2.5385E-04 2.2548E-05 1.8183E-05
 1.0000E+02 2.5511E-04 1.7658E-04 1.5099E-05 1.2282E-05
 1.1220E+02 1.7858E-04 1.2278E-04 1.0185E-05 8.3336E-06
 1.2589E+02 1.2496E-04 8.5364E-05 6.9088E-06 5.6123E-06
 1.4125E+02 8.7379E-05 5.9275E-05 4.6805E-06 3.7895E-06
 1.5849E+02 6.1055E-05 4.1108E-05 3.1642E-06 2.5839E-06
 1.7783E+02 4.2579E-05 2.8461E-05 2.1364E-06 1.7596E-06
 1.9953E+02 2.9677E-05 1.9708E-05 1.4507E-06 1.1821E-06
 2.2387E+02 2.0668E-05 1.3643E-05 9.8367E-07 7.9595E-07
 2.5119E+02 1.4361E-05 9.4347E-06 6.6634E-07 5.4676E-07
 2.8184E+02 9.9729E-06 6.4915E-06 4.5231E-07 3.7136E-07
 3.1623E+02 6.9318E-06 4.4850E-06 3.0654E-07 2.4867E-07
 3.5481E+02 4.8105E-06 3.1031E-06 2.0722E-07 1.6608E-07
 3.9811E+02 3.3274E-06 2.1362E-06 1.3978E-07 1.1231E-07
 4.4668E+02 2.3008E-06 1.4693E-06 9.4358E-08 7.5844E-08
 5.0119E+02 1.5869E-06 1.0086E-06 6.3680E-08 5.0588E-08
 5.6234E+02 1.0933E-06 6.9110E-07 4.3322E-08 3.4111E-08
 6.3096E+02 7.5255E-07 4.7123E-07 2.9028E-08 2.2886E-08
 7.0795E+02 5.1683E-07 3.2144E-07 1.9326E-08 1.5204E-08
 7.9433E+02 3.5372E-07 2.1894E-07 1.3027E-08 9.9485E-09
 8.9125E+02 2.4087E-07 1.4915E-07 8.7486E-09 6.7486E-09
 1.0000E+03 1.6454E-07 1.0134E-07 5.8428E-09 4.5229E-09
 1.1220E+03 1.1199E-07 6.8500E-08 3.9010E-09 2.9624E-09
 1.2589E+03 7.5706E-08 4.6173E-08 2.5728E-09 2.0037E-09
 1.4125E+03 5.1274E-08 3.1132E-08 1.7292E-09 1.3123E-09
 1.5849E+03 3.4795E-08 2.0992E-08 1.1719E-09 8.6394E-10
 1.7783E+03 2.3398E-08 1.4064E-08 7.6640E-10 5.7463E-10
 1.9953E+03 1.5650E-08 9.4091E-09 4.9927E-10 3.7555E-10
 2.2387E+03 1.0494E-08 6.2434E-09 3.2589E-10 2.5304E-10
 2.5119E+03 7.0169E-09 4.1612E-09 2.1535E-10 1.6650E-10
 2.8184E+03 4.6778E-09 2.7849E-09 1.4393E-10 1.0912E-10
 3.1623E+03 3.1293E-09 1.8504E-09 9.7133E-11 7.1718E-11
 3.5481E+03 2.0726E-09 1.2267E-09 6.2755E-11 4.6310E-11
 3.9811E+03 1.3693E-09 8.0845E-10 4.1826E-11 3.0876E-11
 4.4668E+03 9.0915E-10 5.3077E-10 2.8007E-11 2.0348E-11
 5.0119E+03 6.0545E-10 3.5304E-10 1.8211E-11 1.2960E-11
 5.6234E+03 3.9819E-10 2.3285E-10 1.2122E-11 8.4762E-12
 6.3096E+03 2.6328E-10 1.5274E-10 7.7291E-12 5.6403E-12
 7.0795E+03 1.7535E-10 1.0141E-10 5.0257E-12 3.7201E-12
 7.9433E+03 1.1539E-10 6.6132E-11 3.3679E-12 2.2754E-12
 8.9125E+03 7.5861E-11 4.3186E-11 2.1885E-12 1.3879E-12
 1.0000E+04 4.9663E-11 2.8545E-11 1.4234E-12 9.6245E-13 1.0000E-01 4.0470E+03 4.0807E+03 1.9383E+03 1.9850E+03
 1.1220E-01 3.6973E+03 3.7209E+03 1.7612E+03 1.7974E+03
 1.2589E-01 3.3522E+03 3.3697E+03 1.5871E+03 1.6112E+03
 1.4125E-01 3.0120E+03 3.0220E+03 1.4187E+03 1.4282E+03
 1.5849E-01 2.6844E+03 2.6832E+03 1.2534E+03 1.2523E+03
 1.7783E-01 2.3645E+03 2.3553E+03 1.1015E+03 1.0899E+03
 1.9953E-01 2.0566E+03 2.0462E+03 9.6010E+02 9.3717E+02
 2.2387E-01 1.7701E+03 1.7575E+03 8.2582E+02 7.9908E+02
 2.5119E-01 1.5106E+03 1.4956E+03 7.0364E+02 6.7594E+02
 2.8184E-01 1.2771E+03 1.2589E+03 5.9414E+02 5.6376E+02
 3.1623E-01 1.0682E+03 1.0515E+03 4.9666E+02 4.6734E+02
 3.5481E-01 8.8629E+02 8.7061E+02 4.1099E+02 3.8503E+02
 3.9811E-01 7.3032E+02 7.1572E+02 3.3772E+02 3.1263E+02
 4.4668E-01 5.9705E+02 5.8376E+02 2.7490E+02 2.5110E+02
 5.0119E-01 4.8404E+02 4.7054E+02 2.2116E+02 2.0096E+02
 5.6234E-01 3.8888E+02 3.7673E+02 1.7678E+02 1.5871E+02
 6.3096E-01 3.1076E+02 2.9936E+02 1.4009E+02 1.2438E+02
 7.0795E-01 2.4696E+02 2.3632E+02 1.0995E+02 9.7276E+01
 7.9433E-01 1.9426E+02 1.8459E+02 8.5683E+01 7.5085E+01
 8.9125E-01 1.5172E+02 1.4345E+02 6.6323E+01 5.7442E+01
 1.0000E+00 1.1835E+02 1.1114E+02 5.0833E+01 4.3582E+01
 1.1220E+00 9.1554E+01 8.5062E+01 3.8510E+01 3.2665E+01
 1.2589E+00 7.0305E+01 6.4722E+01 2.9010E+01 2.4353E+01
 1.4125E+00 5.3667E+01 4.8949E+01 2.1701E+01 1.8037E+01
 1.5849E+00 4.0831E+01 3.6759E+01 1.6056E+01 1.3206E+01
 1.7783E+00 3.0759E+01 2.7393E+01 1.1791E+01 9.5975E+00
 1.9953E+00 2.2980E+01 2.0270E+01 8.5764E+00 6.9224E+00
 2.2387E+00 1.7156E+01 1.4940E+01 6.1905E+00 4.9491E+00
 2.5119E+00 1.2706E+01 1.0935E+01 4.4459E+00 3.5096E+00
 2.8184E+00 9.3609E+00 7.9535E+00 3.1624E+00 2.4730E+00
 3.1623E+00 6.8734E+00 5.7667E+00 2.2156E+00 1.7269E+00
 3.5481E+00 5.0093E+00 4.1648E+00 1.5479E+00 1.2025E+00
 3.9811E+00 3.6486E+00 2.9952E+00 1.0732E+00 8.2829E-01
 4.4668E+00 2.6460E+00 2.1472E+00 7.4036E-01 5.6619E-01
 5.0119E+00 1.9091E+00 1.5412E+00 5.0960E-01 3.8639E-01
 5.6234E+00 1.3768E+00 1.1022E+00 3.4639E-01 2.6243E-01
 6.3096E+00 9.9109E-01 7.8425E-01 2.3429E-01 1.7776E-01
 7.0795E+00 7.1281E-01 5.5998E-01 1.5826E-01 1.2039E-01
 7.9433E+00 5.1161E-01 3.9756E-01 1.0658E-01 8.0856E-02
 8.9125E+00 3.6536E-01 2.8049E-01 7.1917E-02 5.4149E-02
 1.0000E+01 2.6031E-01 1.9915E-01 4.7965E-02 3.6389E-02
 1.1220E+01 1.8558E-01 1.4108E-01 3.1975E-02 2.4301E-02
 1.2589E+01 1.3215E-01 9.9943E-02 2.1304E-02 1.6224E-02
 1.4125E+01 9.4051E-02 7.0759E-02 1.4150E-02 1.0864E-02
 1.5849E+01 6.6963E-02 5.0116E-02 9.4056E-03 7.2367E-03
 1.7783E+01 4.7685E-02 3.5451E-02 6.2462E-03 4.8180E-03
 1.9953E+01 3.3881E-02 2.5073E-02 4.1466E-03 3.2238E-03
 2.2387E+01 2.4063E-02 1.7768E-02 2.7691E-03 2.1534E-03
 2.5119E+01 1.7092E-02 1.2552E-02 1.8400E-03 1.4386E-03
 2.8184E+01 1.2096E-02 8.8388E-03 1.2286E-03 9.6858E-04
 3.1623E+01 8.6878E-03 6.3171E-03 8.3115E-04 6.5695E-04
 3.5481E+01 6.1491E-03 4.4457E-03 5.5322E-04 4.3965E-04
 3.9811E+01 4.3449E-03 3.1275E-03 3.6966E-04 2.9517E-04
 4.4668E+01 3.0622E-03 2.1972E-03 2.4703E-04 1.9864E-04
 5.0119E+01 2.1287E-03 1.5153E-03 1.6173E-04 1.2954E-04
 5.6234E+01 1.4997E-03 1.0619E-03 1.0829E-04 8.7014E-05
 6.3096E+01 1.0542E-03 7.4366E-04 7.2499E-05 5.9024E-05
 7.0795E+01 7.3980E-04 5.1917E-04 4.8675E-05 3.9774E-05
 7.9433E+01 5.1879E-04 3.6280E-04 3.3134E-05 2.6896E-05
 8.9125E+01 3.6403E-04 2.5385E-04 2.2548E-05 1.8183E-05
 1.0000E+02 2.5511E-04 1.7658E-04 1.5099E-05 1.2282E-05
 1.1220E+02 1.7858E-04 1.2278E-04 1.0185E-05 8.3336E-06
 1.2589E+02 1.2496E-04 8.5364E-05 6.9088E-06 5.6123E-06
 1.4125E+02 8.7379E-05 5.9275E-05 4.6805E-06 3.7895E-06
 1.5849E+02 6.1055E-05 4.1108E-05 3.1642E-06 2.5839E-06
 1.7783E+02 4.2579E-05 2.8461E-05 2.1364E-06 1.7596E-06
 1.9953E+02 2.9677E-05 1.9708E-05 1.4507E-06 1.1821E-06
 2.2387E+02 2.0668E-05 1.3643E-05 9.8367E-07 7.9595E-07
 2.5119E+02 1.4361E-05 9.4347E-06 6.6634E-07 5.4676E-07
 2.8184E+02 9.9729E-06 6.4915E-06 4.5231E-07 3.7136E-07
 3.1623E+02 6.9318E-06 4.4850E-06 3.0654E-07 2.4867E-07
 3.5481E+02 4.8105E-06 3.1031E-06 2.0722E-07 1.6608E-07
 3.9811E+02 3.3274E-06 2.1362E-06 1.3978E-07 1.1231E-07
 4.4668E+02 2.3008E-06 1.4693E-06 9.4358E-08 7.5844E-08
 5.0119E+02 1.5869E-06 1.0086E-06 6.3680E-08 5.0588E-08
 5.6234E+02 1.0933E-06 6.9110E-07 4.3322E-08 3.4111E-08
 6.3096E+02 7.5255E-07 4.7123E-07 2.9028E-08 2.2886E-08
 7.0795E+02 5.1683E-07 3.2144E-07 1.9326E-08 1.5204E-08
 7.9433E+02 3.5372E-07 2.1894E-07 1.3027E-08 9.9485E-09
 8.9125E+02 2.4087E-07 1.4915E-07 8.7486E-09 6.7486E-09
 1.0000E+03 1.6454E-07 1.0134E-07 5.8428E-09 4.5229E-09
 1.1220E+03 1.1199E-07 6.8500E-08 3.9010E-09 2.9624E-09
 1.2589E+03 7.5706E-08 4.6173E-08 2.5728E-09 2.0037E-09
 1.4125E+03 5.1274E-08 3.1132E-08 1.7292E-09 1.3123E-09
 1.5849E+03 3.4795E-08 2.0992E-08 1.1719E-09 8.6394E-10
 1.7783E+03 2.3398E-08 1.4064E-08 7.6640E-10 5.7463E-10
 1.9953E+03 1.5650E-08 9.4091E-09 4.9927E-10 3.7555E-10
 2.2387E+03 1.0494E-08 6.2434E-09 3.2589E-10 2.5304E-10
 2.5119E+03 7.0169E-09 4.1612E-09 2.1535E-10 1.6650E-10
 2.8184E+03 4.6778E-09 2.7849E-09 1.4393E-10 1.0912E-10
 3.1623E+03 3.1293E-09 1.8504E-09 9.7133E-11 7.1718E-11
 3.5481E+03 2.0726E-09 1.2267E-09 6.2755E-11 4.6310E-11
 3.9811E+03 1.3693E-09 8.0845E-10 4.1826E-11 3.0876E-11
 4.4668E+03 9.0915E-10 5.3077E-10 2.8007E-11 2.0348E-11
 5.0119E+03 6.0545E-10 3.5304E-10 1.8211E-11 1.2960E-11
 5.6234E+03 3.9819E-10 2.3285E-10 1.2122E-11 8.4762E-12
 6.3096E+03 2.6328E-10 1.5274E-10 7.7291E-12 5.6403E-12
 7.0795E+03 1.7535E-10 1.0141E-10 5.0257E-12 3.7201E-12
 7.9433E+03 1.1539E-10 6.6132E-11 3.3679E-12 2.2754E-12
 8.9125E+03 7.5861E-11 4.3186E-11 2.1885E-12 1.3879E-12
 1.0000E+04 4.9663E-11 2.8545E-11 1.4234E-12 9.6245E-13 1.0000E-01 4.0470E+03 4.0807E+03 1.9383E+03 1.9850E+03
 1.1220E-01 3.6973E+03 3.7209E+03 1.7612E+03 1.7974E+03
 1.2589E-01 3.3522E+03 3.3697E+03 1.5871E+03 1.6112E+03
 1.4125E-01 3.0120E+03 3.0220E+03 1.4187E+03 1.4282E+03
 1.5849E-01 2.6844E+03 2.6832E+03 1.2534E+03 1.2523E+03
 1.7783E-01 2.3645E+03 2.3553E+03 1.1015E+03 1.0899E+03
 1.9953E-01 2.0566E+03 2.0462E+03 9.6010E+02 9.3717E+02
 2.2387E-01 1.7701E+03 1.7575E+03 8.2582E+02 7.9908E+02
 2.5119E-01 1.5106E+03 1.4956E+03 7.0364E+02 6.7594E+02
 2.8184E-01 1.2771E+03 1.2589E+03 5.9414E+02 5.6376E+02
 3.1623E-01 1.0682E+03 1.0515E+03 4.9666E+02 4.6734E+02
 3.5481E-01 8.8629E+02 8.7061E+02 4.1099E+02 3.8503E+02
 3.9811E-01 7.3032E+02 7.1572E+02 3.3772E+02 3.1263E+02
 4.4668E-01 5.9705E+02 5.8376E+02 2.7490E+02 2.5110E+02
 5.0119E-01 4.8404E+02 4.7054E+02 2.2116E+02 2.0096E+02
 5.6234E-01 3.8888E+02 3.7673E+02 1.7678E+02 1.5871E+02
 6.3096E-01 3.1076E+02 2.9936E+02 1.4009E+02 1.2438E+02
 7.0795E-01 2.4696E+02 2.3632E+02 1.0995E+02 9.7276E+01
 7.9433E-01 1.9426E+02 1.8459E+02 8.5683E+01 7.5085E+01
 8.9125E-01 1.5172E+02 1.4345E+02 6.6323E+01 5.7442E+01
 1.0000E+00 1.1835E+02 1.1114E+02 5.0833E+01 4.3582E+01
 1.1220E+00 9.1554E+01 8.5062E+01 3.8510E+01 3.2665E+01
 1.2589E+00 7.0305E+01 6.4722E+01 2.9010E+01 2.4353E+01
 1.4125E+00 5.3667E+01 4.8949E+01 2.1701E+01 1.8037E+01
 1.5849E+00 4.0831E+01 3.6759E+01 1.6056E+01 1.3206E+01
 1.7783E+00 3.0759E+01 2.7393E+01 1.1791E+01 9.5975E+00
 1.9953E+00 2.2980E+01 2.0270E+01 8.5764E+00 6.9224E+00
 2.2387E+00 1.7156E+01 1.4940E+01 6.1905E+00 4.9491E+00
 2.5119E+00 1.2706E+01 1.0935E+01 4.4459E+00 3.5096E+00
 2.8184E+00 9.3609E+00 7.9535E+00 3.1624E+00 2.4730E+00
 3.1623E+00 6.8734E+00 5.7667E+00 2.2156E+00 1.7269E+00
 3.5481E+00 5.0093E+00 4.1648E+00 1.5479E+00 1.2025E+00
 3.9811E+00 3.6486E+00 2.9952E+00 1.0732E+00 8.2829E-01
 4.4668E+00 2.6460E+00 2.1472E+00 7.4036E-01 5.6619E-01
 5.0119E+00 1.9091E+00 1.5412E+00 5.0960E-01 3.8639E-01
 5.6234E+00 1.3768E+00 1.1022E+00 3.4639E-01 2.6243E-01
 6.3096E+00 9.9109E-01 7.8425E-01 2.3429E-01 1.7776E-01
 7.0795E+00 7.1281E-01 5.5998E-01 1.5826E-01 1.2039E-01
 7.9433E+00 5.1161E-01 3.9756E-01 1.0658E-01 8.0856E-02
 8.9125E+00 3.6536E-01 2.8049E-01 7.1917E-02 5.4149E-02
 1.0000E+01 2.6031E-01 1.9915E-01 4.7965E-02 3.6389E-02
 1.1220E+01 1.8558E-01 1.4108E-01 3.1975E-02 2.4301E-02
 1.2589E+01 1.3215E-01 9.9943E-02 2.1304E-02 1.6224E-02
 1.4125E+01 9.4051E-02 7.0759E-02 1.4150E-02 1.0864E-02
 1.5849E+01 6.6963E-02 5.0116E-02 9.4056E-03 7.2367E-03
 1.7783E+01 4.7685E-02 3.5451E-02 6.2462E-03 4.8180E-03
 1.9953E+01 3.3881E-02 2.5073E-02 4.1466E-03 3.2238E-03
 2.2387E+01 2.4063E-02 1.7768E-02 2.7691E-03 2.1534E-03
 2.5119E+01 1.7092E-02 1.2552E-02 1.8400E-03 1.4386E-03
 2.8184E+01 1.2096E-02 8.8388E-03 1.2286E-03 9.6858E-04
 3.1623E+01 8.6878E-03 6.3171E-03 8.3115E-04 6.5695E-04
 3.5481E+01 6.1491E-03 4.4457E-03 5.5322E-04 4.3965E-04
 3.9811E+01 4.3449E-03 3.1275E-03 3.6966E-04 2.9517E-04
 4.4668E+01 3.0622E-03 2.1972E-03 2.4703E-04 1.9864E-04
 5.0119E+01 2.1287E-03 1.5153E-03 1.6173E-04 1.2954E-04
 5.6234E+01 1.4997E-03 1.0619E-03 1.0829E-04 8.7014E-05
 6.3096E+01 1.0542E-03 7.4366E-04 7.2499E-05 5.9024E-05
 7.0795E+01 7.3980E-04 5.1917E-04 4.8675E-05 3.9774E-05
 7.9433E+01 5.1879E-04 3.6280E-04 3.3134E-05 2.6896E-05
 8.9125E+01 3.6403E-04 2.5385E-04 2.2548E-05 1.8183E-05
 1.0000E+02 2.5511E-04 1.7658E-04 1.5099E-05 1.2282E-05
 1.1220E+02 1.7858E-04 1.2278E-04 1.0185E-05 8.3336E-06
 1.2589E+02 1.2496E-04 8.5364E-05 6.9088E-06 5.6123E-06
 1.4125E+02 8.7379E-05 5.9275E-05 4.6805E-06 3.7895E-06
 1.5849E+02 6.1055E-05 4.1108E-05 3.1642E-06 2.5839E-06
 1.7783E+02 4.2579E-05 2.8461E-05 2.1364E-06 1.7596E-06
 1.9953E+02 2.9677E-05 1.9708E-05 1.4507E-06 1.1821E-06
 2.2387E+02 2.0668E-05 1.3643E-05 9.8367E-07 7.9595E-07
 2.5119E+02 1.4361E-05 9.4347E-06 6.6634E-07 5.4676E-07
 2.8184E+02 9.9729E-06 6.4915E-06 4.5231E-07 3.7136E-07
 3.1623E+02 6.9318E-06 4.4850E-06 3.0654E-07 2.4867E-07
 3.5481E+02 4.8105E-06 3.1031E-06 2.0722E-07 1.6608E-07
 3.9811E+02 3.3274E-06 2.1362E-06 1.3978E-07 1.1231E-07
 4.4668E+02 2.3008E-06 1.4693E-06 9.4358E-08 7.5844E-08
 5.0119E+02 1.5869E-06 1.0086E-06 6.3680E-08 5.0588E-08
 5.6234E+02 1.0933E-06 6.9110E-07 4.3322E-08 3.4111E-08
 6.3096E+02 7.5255E-07 4.7123E-07 2.9028E-08 2.2886E-08
 7.0795E+02 5.1683E-07 3.2144E-07 1.9326E-08 1.5204E-08
 7.9433E+02 3.5372E-07 2.1894E-07 1.3027E-08 9.9485E-09
 8.9125E+02 2.4087E-07 1.4915E-07 8.7486E-09 6.7486E-09
 1.0000E+03 1.6454E-07 1.0134E-07 5.8428E-09 4.5229E-09
 1.1220E+03 1.1199E-07 6.8500E-08 3.9010E-09 2.9624E-09
 1.2589E+03 7.5706E-08 4.6173E-08 2.5728E-09 2.0037E-09
 1.4125E+03 5.1274E-08 3.1132E-08 1.7292E-09 1.3123E-09
 1.5849E+03 3.4795E-08 2.0992E-08 1.1719E-09 8.6394E-10
 1.7783E+03 2.3398E-08 1.4064E-08 7.6640E-10 5.7463E-10
 1.9953E+03 1.5650E-08 9.4091E-09 4.9927E-10 3.7555E-10
 2.2387E+03 1.0494E-08 6.2434E-09 3.2589E-10 2.5304E-10
 2.5119E+03 7.0169E-09 4.1612E-09 2.1535E-10 1.6650E-10
 2.8184E+03 4.6778E-09 2.7849E-09 1.4393E-10 1.0912E-10
 3.1623E+03 3.1293E-09 1.8504E-09 9.7133E-11 7.1718E-11
 3.5481E+03 2.0726E-09 1.2267E-09 6.2755E-11 4.6310E-11
 3.9811E+03 1.3693E-09 8.0845E-10 4.1826E-11 3.0876E-11
 4.4668E+03 9.0915E-10 5.3077E-10 2.8007E-11 2.0348E-11
 5.0119E+03 6.0545E-10 3.5304E-10 1.8211E-11 1.2960E-11
 5.6234E+03 3.9819E-10 2.3285E-10 1.2122E-11 8.4762E-12
 6.3096E+03 2.6328E-10 1.5274E-10 7.7291E-12 5.6403E-12
 7.0795E+03 1.7535E-10 1.0141E-10 5.0257E-12 3.7201E-12
 7.9433E+03 1.1539E-10 6.6132E-11 3.3679E-12 2.2754E-12
 8.9125E+03 7.5861E-11 4.3186E-11 2.1885E-12 1.3879E-12
 1.0000E+04 4.9663E-11 2.8545E-11 1.4234E-12 9.6245E-13 1.0000E-01 4.0470E+03 4.0807E+03 1.9383E+03 1.9850E+03
 1.1220E-01 3.6973E+03 3.7209E+03 1.7612E+03 1.7974E+03
 1.2589E-01 3.3522E+03 3.3697E+03 1.5871E+03 1.6112E+03
 1.4125E-01 3.0120E+03 3.0220E+03 1.4187E+03 1.4282E+03
 1.5849E-01 2.6844E+03 2.6832E+03 1.2534E+03 1.2523E+03
 1.7783E-01 2.3645E+03 2.3553E+03 1.1015E+03 1.0899E+03
 1.9953E-01 2.0566E+03 2.0462E+03 9.6010E+02 9.3717E+02
 2.2387E-01 1.7701E+03 1.7575E+03 8.2582E+02 7.9908E+02
 2.5119E-01 1.5106E+03 1.4956E+03 7.0364E+02 6.7594E+02
 2.8184E-01 1.2771E+03 1.2589E+03 5.9414E+02 5.6376E+02
 3.1623E-01 1.0682E+03 1.0515E+03 4.9666E+02 4.6734E+02
 3.5481E-01 8.8629E+02 8.7061E+02 4.1099E+02 3.8503E+02
 3.9811E-01 7.3032E+02 7.1572E+02 3.3772E+02 3.1263E+02
 4.4668E-01 5.9705E+02 5.8376E+02 2.7490E+02 2.5110E+02
 5.0119E-01 4.8404E+02 4.7054E+02 2.2116E+02 2.0096E+02
 5.6234E-01 3.8888E+02 3.7673E+02 1.7678E+02 1.5871E+02
 6.3096E-01 3.1076E+02 2.9936E+02 1.4009E+02 1.2438E+02
 7.0795E-01 2.4696E+02 2.3632E+02 1.0995E+02 9.7276E+01
 7.9433E-01 1.9426E+02 1.8459E+02 8.5683E+01 7.5085E+01
 8.9125E-01 1.5172E+02 1.4345E+02 6.6323E+01 5.7442E+01
 1.0000E+00 1.1835E+02 1.1114E+02 5.0833E+01 4.3582E+01
 1.1220E+00 9.1554E+01 8.5062E+01 3.8510E+01 3.2665E+01
 1.2589E+00 7.0305E+01 6.4722E+01 2.9010E+01 2.4353E+01
 1.4125E+00 5.3667E+01 4.8949E+01 2.1701E+01 1.8037E+01
 1.5849E+00 4.0831E+01 3.6759E+01 1.6056E+01 1.3206E+01
 1.7783E+00 3.0759E+01 2.7393E+01 1.1791E+01 9.5975E+00
 1.9953E+00 2.2980E+01 2.0270E+01 8.5764E+00 6.9224E+00
 2.2387E+00 1.7156E+01 1.4940E+01 6.1905E+00 4.9491E+00
 2.5119E+00 1.2706E+01 1.0935E+01 4.4459E+00 3.5096E+00
 2.8184E+00 9.3609E+00 7.9535E+00 3.1624E+00 2.4730E+00
 3.1623E+00 6.8734E+00 5.7667E+00 2.2156E+00 1.7269E+00
 3.5481E+00 5.0093E+00 4.1648E+00 1.5479E+00 1.2025E+00
 3.9811E+00 3.6486E+00 2.9952E+00 1.0732E+00 8.2829E-01
 4.4668E+00 2.6460E+00 2.1472E+00 7.4036E-01 5.6619E-01
 5.0119E+00 1.9091E+00 1.5412E+00 5.0960E-01 3.8639E-01
 5.6234E+00 1.3768E+00 1.1022E+00 3.4639E-01 2.6243E-01
 6.3096E+00 9.9109E-01 7.8425E-01 2.3429E-01 1.7776E-01
 7.0795E+00 7.1281E-01 5.5998E-01 1.5826E-01 1.2039E-01
 7.9433E+00 5.1161E-01 3.9756E-01 1.0658E-01 8.0856E-02
 8.9125E+00 3.6536E-01 2.8049E-01 7.1917E-02 5.4149E-02
 1.0000E+01 2.6031E-01 1.9915E-01 4.7965E-02 3.6389E-02
 1.1220E+01 1.8558E-01 1.4108E-01 3.1975E-02 2.4301E-02
 1.2589E+01 1.3215E-01 9.9943E-02 2.1304E-02 1.6224E-02
 1.4125E+01 9.4051E-02 7.0759E-02 1.4150E-02 1.0864E-02
 1.5849E+01 6.6963E-02 5.0116E-02 9.4056E-03 7.2367E-03
 1.7783E+01 4.7685E-02 3.5451E-02 6.2462E-03 4.8180E-03
 1.9953E+01 3.3881E-02 2.5073E-02 4.1466E-03 3.2238E-03
 2.2387E+01 2.4063E-02 1.7768E-02 2.7691E-03 2.1534E-03
 2.5119E+01 1.7092E-02 1.2552E-02 1.8400E-03 1.4386E-03
 2.8184E+01 1.2096E-02 8.8388E-03 1.2286E-03 9.6858E-04
 3.1623E+01 8.6878E-03 6.3171E-03 8.3115E-04 6.5695E-04
 3.5481E+01 6.1491E-03 4.4457E-03 5.5322E-04 4.3965E-04
 3.9811E+01 4.3449E-03 3.1275E-03 3.6966E-04 2.9517E-04
 4.4668E+01 3.0622E-03 2.1972E-03 2.4703E-04 1.9864E-04
 5.0119E+01 2.1287E-03 1.5153E-03 1.6173E-04 1.2954E-04
 5.6234E+01 1.4997E-03 1.0619E-03 1.0829E-04 8.7014E-05
 6.3096E+01 1.0542E-03 7.4366E-04 7.2499E-05 5.9024E-05
 7.0795E+01 7.3980E-04 5.1917E-04 4.8675E-05 3.9774E-05
 7.9433E+01 5.1879E-04 3.6280E-04 3.3134E-05 2.6896E-05
 8.9125E+01 3.6403E-04 2.5385E-04 2.2548E-05 1.8183E-05
 1.0000E+02 2.5511E-04 1.7658E-04 1.5099E-05 1.2282E-05
 1.1220E+02 1.7858E-04 1.2278E-04 1.0185E-05 8.3336E-06
 1.2589E+02 1.2496E-04 8.5364E-05 6.9088E-06 5.6123E-06
 1.4125E+02 8.7379E-05 5.9275E-05 4.6805E-06 3.7895E-06
 1.5849E+02 6.1055E-05 4.1108E-05 3.1642E-06 2.5839E-06
 1.7783E+02 4.2579E-05 2.8461E-05 2.1364E-06 1.7596E-06
 1.9953E+02 2.9677E-05 1.9708E-05 1.4507E-06 1.1821E-06
 2.2387E+02 2.0668E-05 1.3643E-05 9.8367E-07 7.9595E-07
 2.5119E+02 1.4361E-05 9.4347E-06 6.6634E-07 5.4676E-07
 2.8184E+02 9.9729E-06 6.4915E-06 4.5231E-07 3.7136E-07
 3.1623E+02 6.9318E-06 4.4850E-06 3.0654E-07 2.4867E-07
 3.5481E+02 4.8105E-06 3.1031E-06 2.0722E-07 1.6608E-07
 3.9811E+02 3.3274E-06 2.1362E-06 1.3978E-07 1.1231E-07
 4.4668E+02 2.3008E-06 1.4693E-06 9.4358E-08 7.5844E-08
 5.0119E+02 1.5869E-06 1.0086E-06 6.3680E-08 5.0588E-08
 5.6234E+02 1.0933E-06 6.9110E-07 4.3322E-08 3.4111E-08
 6.3096E+02 7.5255E-07 4.7123E-07 2.9028E-08 2.2886E-08
 7.0795E+02 5.1683E-07 3.2144E-07 1.9326E-08 1.5204E-08
 7.9433E+02 3.5372E-07 2.1894E-07 1.3027E-08 9.9485E-09
 8.9125E+02 2.4087E-07 1.4915E-07 8.7486E-09 6.7486E-09
 1.0000E+03 1.6454E-07 1.0134E-07 5.8428E-09 4.5229E-09
 1.1220E+03 1.1199E-07 6.8500E-08 3.9010E-09 2.9624E-09
 1.2589E+03 7.5706E-08 4.6173E-08 2.5728E-09 2.0037E-09
 1.4125E+03 5.1274E-08 3.1132E-08 1.7292E-09 1.3123E-09
 1.5849E+03 3.4795E-08 2.0992E-08 1.1719E-09 8.6394E-10
 1.7783E+03 2.3398E-08 1.4064E-08 7.6640E-10 5.7463E-10
 1.9953E+03 1.5650E-08 9.4091E-09 4.9927E-10 3.7555E-10
 2.2387E+03 1.0494E-08 6.2434E-09 3.2589E-10 2.5304E-10
 2.5119E+03 7.0169E-09 4.1612E-09 2.1535E-10 1.6650E-10
 2.8184E+03 4.6778E-09 2.7849E-09 1.4393E-10 1.0912E-10
 3.1623E+03 3.1293E-09 1.8504E-09 9.7133E-11 7.1718E-11
 3.5481E+03 2.0726E-09 1.2267E-09 6.2755E-11 4.6310E-11
 3.9811E+03 1.3693E-09 8.0845E-10 4.1826E-11 3.0876E-11
 4.4668E+03 9.0915E-10 5.3077E-10 2.8007E-11 2.0348E-11
 5.0119E+03 6.0545E-10 3.5304E-10 1.8211E-11 1.2960E-11
 5.6234E+03 3.9819E-10 2.3285E-10 1.2122E-11 8.4762E-12
 6.3096E+03 2.6328E-10 1.5274E-10 7.7291E-12 5.6403E-12
 7.0795E+03 1.7535E-10 1.0141E-10 5.0257E-12 3.7201E-12
 7.9433E+03 1.1539E-10 6.6132E-11 3.3679E-12 2.2754E-12
 8.9125E+03 7.5861E-11 4.3186E-11 2.1885E-12 1.3879E-12
 1.0000E+04 4.9663E-11 2.8545E-11 1.4234E-12 9.6245E-13 1.0000E-01 4.0470E+03 4.0807E+03 1.9383E+03 1.9850E+03
 1.1220E-01 3.6973E+03 3.7209E+03 1.7612E+03 1.7974E+03
 1.2589E-01 3.3522E+03 3.3697E+03 1.5871E+03 1.6112E+03
 1.4125E-01 3.0120E+03 3.0220E+03 1.4187E+03 1.4282E+03
 1.5849E-01 2.6844E+03 2.6832E+03 1.2534E+03 1.2523E+03
 1.7783E-01 2.3645E+03 2.3553E+03 1.1015E+03 1.0899E+03
 1.9953E-01 2.0566E+03 2.0462E+03 9.6010E+02 9.3717E+02
 2.2387E-01 1.7701E+03 1.7575E+03 8.2582E+02 7.9908E+02
 2.5119E-01 1.5106E+03 1.4956E+03 7.0364E+02 6.7594E+02
 2.8184E-01 1.2771E+03 1.2589E+03 5.9414E+02 5.6376E+02
 3.1623E-01 1.0682E+03 1.0515E+03 4.9666E+02 4.6734E+02
 3.5481E-01 8.8629E+02 8.7061E+02 4.1099E+02 3.8503E+02
 3.9811E-01 7.3032E+02 7.1572E+02 3.3772E+02 3.1263E+02
 4.4668E-01 5.9705E+02 5.8376E+02 2.7490E+02 2.5110E+02
 5.0119E-01 4.8404E+02 4.7054E+02 2.2116E+02 2.0096E+02
 5.6234E-01 3.8888E+02 3.7673E+02 1.7678E+02 1.5871E+02
 6.3096E-01 3.1076E+02 2.9936E+02 1.4009E+02 1.2438E+02
 7.0795E-01 2.4696E+02 2.3632E+02 1.0995E+02 9.7276E+01
 7.9433E-01 1.9426E+02 1.8459E+02 8.5683E+01 7.5085E+01
 8.9125E-01 1.5172E+02 1.4345E+02 6.6323E+01 5.7442E+01
 1.0000E+00 1.1835E+02 1.1114E+02 5.0833E+01 4.3582E+01
 1.1220E+00 9.1554E+01 8.5062E+01 3.8510E+01 3.2665E+01
 1.2589E+00 7.0305E+01 6.4722E+01 2.9010E+01 2.4353E+01
 1.4125E+00 5.3667E+01 4.8949E+01 2.1701E+01 1.8037E+01
 1.5849E+00 4.0831E+01 3.6759E+01 1.6056E+01 1.3206E+01
 1.7783E+00 3.0759E+01 2.7393E+01 1.1791E+01 9.5975E+00
 1.9953E+00 2.2980E+01 2.0270E+01 8.5764E+00 6.9224E+00
 2.2387E+00 1.7156E+01 1.4940E+01 6.1905E+00 4.9491E+00
 2.5119E+00 1.2706E+01 1.0935E+01 4.4459E+00 3.5096E+00
 2.8184E+00 9.3609E+00 7.9535E+00 3.1624E+00 2.4730E+00
 3.1623E+00 6.8734E+00 5.7667E+00 2.2156E+00 1.7269E+00
 3.5481E+00 5.0093E+00 4.1648E+00 1.5479E+00 1.2025E+00
 3.9811E+00 3.6486E+00 2.9952E+00 1.0732E+00 8.2829E-01
 4.4668E+00 2.6460E+00 2.1472E+00 7.4036E-01 5.6619E-01
 5.0119E+00 1.9091E+00 1.5412E+00 5.0960E-01 3.8639E-01
 5.6234E+00 1.3768E+00 1.1022E+00 3.4639E-01 2.6243E-01
 6.3096E+00 9.9109E-01 7.8425E-01 2.3429E-01 1.7776E-01
 7.0795E+00 7.1281E-01 5.5998E-01 1.5826E-01 1.2039E-01
 7.9433E+00 5.1161E-01 3.9756E-01 1.0658E-01 8.0856E-02
 8.9125E+00 3.6536E-01 2.8049E-01 7.1917E-02 5.4149E-02
 1.0000E+01 2.6031E-01 1.9915E-01 4.7965E-02 3.6389E-02
 1.1220E+01 1.8558E-01 1.4108E-01 3.1975E-02 2.4301E-02
 1.2589E+01 1.3215E-01 9.9943E-02 2.1304E-02 1.6224E-02
 1.4125E+01 9.4051E-02 7.0759E-02 1.4150E-02 1.0864E-02
 1.5849E+01 6.6963E-02 5.0116E-02 9.4056E-03 7.2367E-03
 1.7783E+01 4.7685E-02 3.5451E-02 6.2462E-03 4.8180E-03
 1.9953E+01 3.3881E-02 2.5073E-02 4.1466E-03 3.2238E-03
 2.2387E+01 2.4063E-02 1.7768E-02 2.7691E-03 2.1534E-03
 2.5119E+01 1.7092E-02 1.2552E-02 1.8400E-03 1.4386E-03
 2.8184E+01 1.2096E-02 8.8388E-03 1.2286E-03 9.6858E-04
 3.1623E+01 8.6878E-03 6.3171E-03 8.3115E-04 6.5695E-04
 3.5481E+01 6.1491E-03 4.4457E-03 5.5322E-04 4.3965E-04
 3.9811E+01 4.3449E-03 3.1275E-03 3.6966E-04 2.9517E-04
 4.4668E+01 3.0622E-03 2.1972E-03 2.4703E-04 1.9864E-04
 5.0119E+01 2.1287E-03 1.5153E-03 1.6173E-04 1.2954E-04
 5.6234E+01 1.4997E-03 1.0619E-03 1.0829E-04 8.7014E-05
 6.3096E+01 1.0542E-03 7.4366E-04 7.2499E-05 5.9024E-05
 7.0795E+01 7.3980E-04 5.1917E-04 4.8675E-05 3.9774E-05
 7.9433E+01 5.1879E-04 3.6280E-04 3.3134E-05 2.6896E-05
 8.9125E+01 3.6403E-04 2.5385E-04 2.2548E-05 1.8183E-05
 1.0000E+02 2.5511E-04 1.7658E-04 1.5099E-05 1.2282E-05
 1.1220E+02 1.7858E-04 1.2278E-04 1.0185E-05 8.3336E-06
 1.2589E+02 1.2496E-04 8.5364E-05 6.9088E-06 5.6123E-06
 1.4125E+02 8.7379E-05 5.9275E-05 4.6805E-06 3.7895E-06
 1.5849E+02 6.1055E-05 4.1108E-05 3.1642E-06 2.5839E-06
 1.7783E+02 4.2579E-05 2.8461E-05 2.1364E-06 1.7596E-06
 1.9953E+02 2.9677E-05 1.9708E-05 1.4507E-06 1.1821E-06
 2.2387E+02 2.0668E-05 1.3643E-05 9.8367E-07 7.9595E-07
 2.5119E+02 1.4361E-05 9.4347E-06 6.6634E-07 5.4676E-07
 2.8184E+02 9.9729E-06 6.4915E-06 4.5231E-07 3.7136E-07
 3.1623E+02 6.9318E-06 4.4850E-06 3.0654E-07 2.4867E-07
 3.5481E+02 4.8105E-06 3.1031E-06 2.0722E-07 1.6608E-07
 3.9811E+02 3.3274E-06 2.1362E-06 1.3978E-07 1.1231E-07
 4.4668E+02 2.3008E-06 1.4693E-06 9.4358E-08 7.5844E-08
 5.0119E+02 1.5869E-06 1.0086E-06 6.3680E-08 5.0588E-08
 5.6234E+02 1.0933E-06 6.9110E-07 4.3322E-08 3.4111E-08
 6.3096E+02 7.5255E-07 4.7123E-07 2.9028E-08 2.2886E-08
 7.0795E+02 5.1683E-07 3.2144E-07 1.9326E-08 1.5204E-08
 7.9433E+02 3.5372E-07 2.1894E-07 1.3027E-08 9.9485E-09
 8.9125E+02 2.4087E-07 1.4915E-07 8.7486E-09 6.7486E-09
 1.0000E+03 1.6454E-07 1.0134E-07 5.8428E-09 4.5229E-09
 1.1220E+03 1.1199E-07 6.8500E-08 3.9010E-09 2.9624E-09
 1.2589E+03 7.5706E-08 4.6173E-08 2.5728E-09 2.0037E-09
 1.4125E+03 5.1274E-08 3.1132E-08 1.7292E-09 1.3123E-09
 1.5849E+03 3.4795E-08 2.0992E-08 1.1719E-09 8.6394E-10
 1.7783E+03 2.3398E-08 1.4064E-08 7.6640E-10 5.7463E-10
 1.9953E+03 1.5650E-08 9.4091E-09 4.9927E-10 3.7555E-10
 2.2387E+03 1.0494E-08 6.2434E-09 3.2589E-10 2.5304E-10
 2.5119E+03 7.0169E-09 4.1612E-09 2.1535E-10 1.6650E-10
 2.8184E+03 4.6778E-09 2.7849E-09 1.4393E-10 1.0912E-10
 3.1623E+03 3.1293E-09 1.8504E-09 9.7133E-11 7.1718E-11
 3.5481E+03 2.0726E-09 1.2267E-09 6.2755E-11 4.6310E-11
 3.9811E+03 1.3693E-09 8.0845E-10 4.1826E-11 3.0876E-11
 4.4668E+03 9.0915E-10 5.3077E-10 2.8007E-11 2.0348E-11
 5.0119E+03 6.0545E-10 3.5304E-10 1.8211E-11 1.2960E-11
 5.6234E+03 3.9819E-10 2.3285E-10 1.2122E-11 8.4762E-12
 6.3096E+03 2.6328E-10 1.5274E-10 7.7291E-12 5.6403E-12
 7.0795E+03 1.7535E-10 1.0141E-10 5.0257E-12 3.7201E-12
 7.9433E+03 1.1539E-10 6.6132E-11 3.3679E-12 2.2754E-12
 8.9125E+03 7.5861E-11 4.3186E-11 2.1885E-12 1.3879E-12
 1.0000E+04 4.9663E-11 2.8545E-11 1.4234E-12 9.6245E-13 1.0000E-01 4.0470E+03 4.0807E+03 1.9383E+03 1.9850E+03
 1.1220E-01 3.6973E+03 3.7209E+03 1.7612E+03 1.7974E+03
 1.2589E-01 3.3522E+03 3.3697E+03 1.5871E+03 1.6112E+03
 1.4125E-01 3.0120E+03 3.0220E+03 1.4187E+03 1.4282E+03
 1.5849E-01 2.6844E+03 2.6832E+03 1.2534E+03 1.2523E+03
 1.7783E-01 2.3645E+03 2.3553E+03 1.1015E+03 1.0899E+03
 1.9953E-01 2.0566E+03 2.0462E+03 9.6010E+02 9.3717E+02
 2.2387E-01 1.7701E+03 1.7575E+03 8.2582E+02 7.9908E+02
 2.5119E-01 1.5106E+03 1.4956E+03 7.0364E+02 6.7594E+02
 2.8184E-01 1.2771E+03 1.2589E+03 5.9414E+02 5.6376E+02
 3.1623E-01 1.0682E+03 1.0515E+03 4.9666E+02 4.6734E+02
 3.5481E-01 8.8629E+02 8.7061E+02 4.1099E+02 3.8503E+02
 3.9811E-01 7.3032E+02 7.1572E+02 3.3772E+02 3.1263E+02
 4.4668E-01 5.9705E+02 5.8376E+02 2.7490E+02 2.5110E+02
 5.0119E-01 4.8404E+02 4.7054E+02 2.2116E+02 2.0096E+02
 5.6234E-01 3.8888E+02 3.7673E+02 1.7678E+02 1.5871E+02
 6.3096E-01 3.1076E+02 2.9936E+02 1.4009E+02 1.2438E+02
 7.0795E-01 2.4696E+02 2.3632E+02 1.0995E+02 9.7276E+01
 7.9433E-01 1.9426E+02 1.8459E+02 8.5683E+01 7.5085E+01
 8.9125E-01 1.5172E+02 1.4345E+02 6.6323E+01 5.7442E+01
 1.0000E+00 1.1835E+02 1.1114E+02 5.0833E+01 4.3582E+01
 1.1220E+00 9.1554E+01 8.5062E+01 3.8510E+01 3.2665E+01
 1.2589E+00 7.0305E+01 6.4722E+01 2.9010E+01 2.4353E+01
 1.4125E+00 5.3667E+01 4.8949E+01 2.1701E+01 1.8037E+01
 1.5849E+00 4.0831E+01 3.6759E+01 1.6056E+01 1.3206E+01
 1.7783E+00 3.0759E+01 2.7393E+01 1.1791E+01 9.5975E+00
 1.9953E+00 2.2980E+01 2.0270E+01 8.5764E+00 6.9224E+00
 2.2387E+00 1.7156E+01 1.4940E+01 6.1905E+00 4.9491E+00
 2.5119E+00 1.2706E+01 1.0935E+01 4.4459E+00 3.5096E+00
 2.8184E+00 9.3609E+00 7.9535E+00 3.1624E+00 2.4730E+00
 3.1623E+00 6.8734E+00 5.7667E+00 2.2156E+00 1.7269E+00
 3.5481E+00 5.0093E+00 4.1648E+00 1.5479E+00 1.2025E+00
 3.9811E+00 3.6486E+00 2.9952E+00 1.0732E+00 8.2829E-01
 4.4668E+00 2.6460E+00 2.1472E+00 7.4036E-01 5.6619E-01
 5.0119E+00 1.9091E+00 1.5412E+00 5.0960E-01 3.8639E-01
 5.6234E+00 1.3768E+00 1.1022E+00 3.4639E-01 2.6243E-01
 6.3096E+00 9.9109E-01 7.8425E-01 2.3429E-01 1.7776E-01
 7.0795E+00 7.1281E-01 5.5998E-01 1.5826E-01 1.2039E-01
 7.9433E+00 5.1161E-01 3.9756E-01 1.0658E-01 8.0856E-02
 8.9125E+00 3.6536E-01 2.8049E-01 7.1917E-02 5.4149E-02
 1.0000E+01 2.6031E-01 1.9915E-01 4.7965E-02 3.6389E-02
 1.1220E+01 1.8558E-01 1.4108E-01 3.1975E-02 2.4301E-02
 1.2589E+01 1.3215E-01 9.9943E-02 2.1304E-02 1.6224E-02
 1.4125E+01 9.4051E-02 7.0759E-02 1.4150E-02 1.0864E-02
 1.5849E+01 6.6963E-02 5.0116E-02 9.4056E-03 7.2367E-03
 1.7783E+01 4.7685E-02 3.5451E-02 6.2462E-03 4.8180E-03
 1.9953E+01 3.3881E-02 2.5073E-02 4.1466E-03 3.2238E-03
 2.2387E+01 2.4063E-02 1.7768E-02 2.7691E-03 2.1534E-03
 2.5119E+01 1.7092E-02 1.2552E-02 1.8400E-03 1.4386E-03
 2.8184E+01 1.2096E-02 8.8388E-03 1.2286E-03 9.6858E-04
 3.1623E+01 8.6878E-03 6.3171E-03 8.3115E-04 6.5695E-04
 3.5481E+01 6.1491E-03 4.4457E-03 5.5322E-04 4.3965E-04
 3.9811E+01 4.3449E-03 3.1275E-03 3.6966E-04 2.9517E-04
 4.4668E+01 3.0622E-03 2.1972E-03 2.4703E-04 1.9864E-04
 5.0119E+01 2.1287E-03 1.5153E-03 1.6173E-04 1.2954E-04
 5.6234E+01 1.4997E-03 1.0619E-03 1.0829E-04 8.7014E-05
 6.3096E+01 1.0542E-03 7.4366E-04 7.2499E-05 5.9024E-05
 7.0795E+01 7.3980E-04 5.1917E-04 4.8675E-05 3.9774E-05
 7.9433E+01 5.1879E-04 3.6280E-04 3.3134E-05 2.6896E-05
 8.9125E+01 3.6403E-04 2.5385E-04 2.2548E-05 1.8183E-05
 1.0000E+02 2.5511E-04 1.7658E-04 1.5099E-05 1.2282E-05
 1.1220E+02 1.7858E-04 1.2278E-04 1.0185E-05 8.3336E-06
 1.2589E+02 1.2496E-04 8.5364E-05 6.9088E-06 5.6123E-06
 1.4125E+02 8.7379E-05 5.9275E-05 4.6805E-06 3.7895E-06
 1.5849E+02 6.1055E-05 4.1108E-05 3.1642E-06 2.5839E-06
 1.7783E+02 4.2579E-05 2.8461E-05 2.1364E-06 1.7596E-06
 1.9953E+02 2.9677E-05 1.9708E-05 1.4507E-06 1.1821E-06
 2.2387E+02 2.0668E-05 1.3643E-05 9.8367E-07 7.9595E-07
 2.5119E+02 1.4361E-05 9.4347E-06 6.6634E-07 5.4676E-07
 2.8184E+02 9.9729E-06 6.4915E-06 4.5231E-07 3.7136E-07
 3.1623E+02 6.9318E-06 4.4850E-06 3.0654E-07 2.4867E-07
 3.5481E+02 4.8105E-06 3.1031E-06 2.0722E-07 1.6608E-07
 3.9811E+02 3.3274E-06 2.1362E-06 1.3978E-07 1.1231E-07
 4.4668E+02 2.3008E-06 1.4693E-06 9.4358E-08 7.5844E-08
 5.0119E+02 1.5869E-06 1.0086E-06 6.3680E-08 5.0588E-08
 5.6234E+02 1.0933E-06 6.9110E-07 4.3322E-08 3.4111E-08
 6.3096E+02 7.5255E-07 4.7123E-07 2.9028E-08 2.2886E-08
 7.0795E+02 5.1683E-07 3.2144E-07 1.9326E-08 1.5204E-08
 7.9433E+02 3.5372E-07 2.1894E-07 1.3027E-08 9.9485E-09
 8.9125E+02 2.4087E-07 1.4915E-07 8.7486E-09 6.7486E-09
 1.0000E+03 1.6454E-07 1.0134E-07 5.8428E-09 4.5229E-09
 1.1220E+03 1.1199E-07 6.8500E-08 3.9010E-09 2.9624E-09
 1.2589E+03 7.5706E-08 4.6173E-08 2.5728E-09 2.0037E-09
 1.4125E+03 5.1274E-08 3.1132E-08 1.7292E-09 1.3123E-09
 1.5849E+03 3.4795E-08 2.0992E-08 1.1719E-09 8.6394E-10
 1.7783E+03 2.3398E-08 1.4064E-08 7.6640E-10 5.7463E-10
 1.9953E+03 1.5650E-08 9.4091E-09 4.9927E-10 3.7555E-10
 2.2387E+03 1.0494E-08 6.2434E-09 3.2589E-10 2.5304E-10
 2.5119E+03 7.0169E-09 4.1612E-09 2.1535E-10 1.6650E-10
 2.8184E+03 4.6778E-09 2.7849E-09 1.4393E-10 1.0912E-10
 3.1623E+03 3.1293E-09 1.8504E-09 9.7133E-11 7.1718E-11
 3.5481E+03 2.0726E-09 1.2267E-09 6.2755E-11 4.6310E-11
 3.9811E+03 1.3693E-09 8.0845E-10 4.1826E-11 3.0876E-11
 4.4668E+03 9.0915E-10 5.3077E-10 2.8007E-11 2.0348E-11
 5.0119E+03 6.0545E-10 3.5304E-10 1.8211E-11 1.2960E-11
 5.6234E+03 3.9819E-10 2.3285E-10 1.2122E-11 8.4762E-12
 6.3096E+03 2.6328E-10 1.5274E-10 7.7291E-12 5.6403E-12
 7.0795E+03 1.7535E-10 1.0141E-10 5.0257E-12 3.7201E-12
 7.9433E+03 1.1539E-10 6.6132E-11 3.3679E-12 2.2754E-12
 8.9125E+03 7.5861E-11 4.3186E-11 2.1885E-12 1.3879E-12
 1.0000E+04 4.9663E-11 2.8545E-11 1.4234E-12 9.6245E-13 1.0000E-01 4.0470E+03 4.0807E+03 1.9383E+03 1.9850E+03
 1.1220E-01 3.6973E+03 3.7209E+03 1.7612E+03 1.7974E+03
 1.2589E-01 3.3522E+03 3.3697E+03 1.5871E+03 1.6112E+03
 1.4125E-01 3.0120E+03 3.0220E+03 1.4187E+03 1.4282E+03
 1.5849E-01 2.6844E+03 2.6832E+03 1.2534E+03 1.2523E+03
 1.7783E-01 2.3645E+03 2.3553E+03 1.1015E+03 1.0899E+03
 1.9953E-01 2.0566E+03 2.0462E+03 9.6010E+02 9.3717E+02
 2.2387E-01 1.7701E+03 1.7575E+03 8.2582E+02 7.9908E+02
 2.5119E-01 1.5106E+03 1.4956E+03 7.0364E+02 6.7594E+02
 2.8184E-01 1.2771E+03 1.2589E+03 5.9414E+02 5.6376E+02
 3.1623E-01 1.0682E+03 1.0515E+03 4.9666E+02 4.6734E+02
 3.5481E-01 8.8629E+02 8.7061E+02 4.1099E+02 3.8503E+02
 3.9811E-01 7.3032E+02 7.1572E+02 3.3772E+02 3.1263E+02
 4.4668E-01 5.9705E+02 5.8376E+02 2.7490E+02 2.5110E+02
 5.0119E-01 4.8404E+02 4.7054E+02 2.2116E+02 2.0096E+02
 5.6234E-01 3.8888E+02 3.7673E+02 1.7678E+02 1.5871E+02
 6.3096E-01 3.1076E+02 2.9936E+02 1.4009E+02 1.2438E+02
 7.0795E-01 2.4696E+02 2.3632E+02 1.0995E+02 9.7276E+01
 7.9433E-01 1.9426E+02 1.8459E+02 8.5683E+01 7.5085E+01
 8.9125E-01 1.5172E+02 1.4345E+02 6.6323E+01 5.7442E+01
 1.0000E+00 1.1835E+02 1.1114E+02 5.0833E+01 4.3582E+01
 1.1220E+00 9.1554E+01 8.5062E+01 3.8510E+01 3.2665E+01
 1.2589E+00 7.0305E+01 6.4722E+01 2.9010E+01 2.4353E+01
 1.4125E+00 5.3667E+01 4.8949E+01 2.1701E+01 1.8037E+01
 1.5849E+00 4.0831E+01 3.6759E+01 1.6056E+01 1.3206E+01
 1.7783E+00 3.0759E+01 2.7393E+01 1.1791E+01 9.5975E+00
 1.9953E+00 2.2980E+01 2.0270E+01 8.5764E+00 6.9224E+00
 2.2387E+00 1.7156E+01 1.4940E+01 6.1905E+00 4.9491E+00
 2.5119E+00 1.2706E+01 1.0935E+01 4.4459E+00 3.5096E+00
 2.8184E+00 9.3609E+00 7.9535E+00 3.1624E+00 2.4730E+00
 3.1623E+00 6.8734E+00 5.7667E+00 2.2156E+00 1.7269E+00
 3.5481E+00 5.0093E+00 4.1648E+00 1.5479E+00 1.2025E+00
 3.9811E+00 3.6486E+00 2.9952E+00 1.0732E+00 8.2829E-01
 4.4668E+00 2.6460E+00 2.1472E+00 7.4036E-01 5.6619E-01
 5.0119E+00 1.9091E+00 1.5412E+00 5.0960E-01 3.8639E-01
 5.6234E+00 1.3768E+00 1.1022E+00 3.4639E-01 2.6243E-01
 6.3096E+00 9.9109E-01 7.8425E-01 2.3429E-01 1.7776E-01
 7.0795E+00 7.1281E-01 5.5998E-01 1.5826E-01 1.2039E-01
 7.9433E+00 5.1161E-01 3.9756E-01 1.0658E-01 8.0856E-02
 8.9125E+00 3.6536E-01 2.8049E-01 7.1917E-02 5.4149E-02
 1.0000E+01 2.6031E-01 1.9915E-01 4.7965E-02 3.6389E-02
 1.1220E+01 1.8558E-01 1.4108E-01 3.1975E-02 2.4301E-02
 1.2589E+01 1.3215E-01 9.9943E-02 2.1304E-02 1.6224E-02
 1.4125E+01 9.4051E-02 7.0759E-02 1.4150E-02 1.0864E-02
 1.5849E+01 6.6963E-02 5.0116E-02 9.4056E-03 7.2367E-03
 1.7783E+01 4.7685E-02 3.5451E-02 6.2462E-03 4.8180E-03
 1.9953E+01 3.3881E-02 2.5073E-02 4.1466E-03 3.2238E-03
 2.2387E+01 2.4063E-02 1.7768E-02 2.7691E-03 2.1534E-03
 2.5119E+01 1.7092E-02 1.2552E-02 1.8400E-03 1.4386E-03
 2.8184E+01 1.2096E-02 8.8388E-03 1.2286E-03 9.6858E-04
 3.1623E+01 8.6878E-03 6.3171E-03 8.3115E-04 6.5695E-04
 3.5481E+01 6.1491E-03 4.4457E-03 5.5322E-04 4.3965E-04
 3.9811E+01 4.3449E-03 3.1275E-03 3.6966E-04 2.9517E-04
 4.4668E+01 3.0622E-03 2.1972E-03 2.4703E-04 1.9864E-04
 5.0119E+01 2.1287E-03 1.5153E-03 1.6173E-04 1.2954E-04
 5.6234E+01 1.4997E-03 1.0619E-03 1.0829E-04 8.7014E-05
 6.3096E+01 1.0542E-03 7.4366E-04 7.2499E-05 5.9024E-05
 7.0795E+01 7.3980E-04 5.1917E-04 4.8675E-05 3.9774E-05
 7.9433E+01 5.1879E-04 3.6280E-04 3.3134E-05 2.6896E-05
 8.9125E+01 3.6403E-04 2.5385E-04 2.2548E-05 1.8183E-05
 1.0000E+02 2.5511E-04 1.7658E-04 1.5099E-05 1.2282E-05
 1.1220E+02 1.7858E-04 1.2278E-04 1.0185E-05 8.3336E-06
 1.2589E+02 1.2496E-04 8.5364E-05 6.9088E-06 5.6123E-06
 1.4125E+02 8.7379E-05 5.9275E-05 4.6805E-06 3.7895E-06
 1.5849E+02 6.1055E-05 4.1108E-05 3.1642E-06 2.5839E-06
 1.7783E+02 4.2579E-05 2.8461E-05 2.1364E-06 1.7596E-06
 1.9953E+02 2.9677E-05 1.9708E-05 1.4507E-06 1.1821E-06
 2.2387E+02 2.0668E-05 1.3643E-05 9.8367E-07 7.9595E-07
 2.5119E+02 1.4361E-05 9.4347E-06 6.6634E-07 5.4676E-07
 2.8184E+02 9.9729E-06 6.4915E-06 4.5231E-07 3.7136E-07
 3.1623E+02 6.9318E-06 4.4850E-06 3.0654E-07 2.4867E-07
 3.5481E+02 4.8105E-06 3.1031E-06 2.0722E-07 1.6608E-07
 3.9811E+02 3.3274E-06 2.1362E-06 1.3978E-07 1.1231E-07
 4.4668E+02 2.3008E-06 1.4693E-06 9.4358E-08 7.5844E-08
 5.0119E+02 1.5869E-06 1.0086E-06 6.3680E-08 5.0588E-08
 5.6234E+02 1.0933E-06 6.9110E-07 4.3322E-08 3.4111E-08
 6.3096E+02 7.5255E-07 4.7123E-07 2.9028E-08 2.2886E-08
 7.0795E+02 5.1683E-07 3.2144E-07 1.9326E-08 1.5204E-08
 7.9433E+02 3.5372E-07 2.1894E-07 1.3027E-08 9.9485E-09
 8.9125E+02 2.4087E-07 1.4915E-07 8.7486E-09 6.7486E-09
 1.0000E+03 1.6454E-07 1.0134E-07 5.8428E-09 4.5229E-09
 1.1220E+03 1.1199E-07 6.8500E-08 3.9010E-09 2.9624E-09
 1.2589E+03 7.5706E-08 4.6173E-08 2.5728E-09 2.0037E-09
 1.4125E+03 5.1274E-08 3.1132E-08 1.7292E-09 1.3123E-09
 1.5849E+03 3.4795E-08 2.0992E-08 1.1719E-09 8.6394E-10
 1.7783E+03 2.3398E-08 1.4064E-08 7.6640E-10 5.7463E-10
 1.9953E+03 1.5650E-08 9.4091E-09 4.9927E-10 3.7555E-10
 2.2387E+03 1.0494E-08 6.2434E-09 3.2589E-10 2.5304E-10
 2.5119E+03 7.0169E-09 4.1612E-09 2.1535E-10 1.6650E-10
 2.8184E+03 4.6778E-09 2.7849E-09 1.4393E-10 1.0912E-10
 3.1623E+03 3.1293E-09 1.8504E-09 9.7133E-11 7.1718E-11
 3.5481E+03 2.0726E-09 1.2267E-09 6.2755E-11 4.6310E-11
 3.9811E+03 1.3693E-09 8.0845E-10 4.1826E-11 3.0876E-11
 4.4668E+03 9.0915E-10 5.3077E-10 2.8007E-11 2.0348E-11
 5.0119E+03 6.0545E-10 3.5304E-10 1.8211E-11 1.2960E-11
 5.6234E+03 3.9819E-10 2.3285E-10 1.2122E-11 8.4762E-12
 6.3096E+03 2.6328E-10 1.5274E-10 7.7291E-12 5.6403E-12
 7.0795E+03 1.7535E-10 1.0141E-10 5.0257E-12 3.7201E-12
 7.9433E+03 1.1539E-10 6.6132E-11 3.3679E-12 2.2754E-12
 8.9125E+03 7.5861E-11 4.3186E-11 2.1885E-12 1.3879E-12
 1.0000E+04 4.9663E-11 2.8545E-11 1.4234E-12 9.6245E-13 1.0000E-01 4.0470E+03 4.0807E+03 1.9383E+03 1.9850E+03
 1.1220E-01 3.6973E+03 3.7209E+03 1.7612E+03 1.7974E+03
 1.2589E-01 3.3522E+03 3.3697E+03 1.5871E+03 1.6112E+03
 1.4125E-01 3.0120E+03 3.0220E+03 1.4187E+03 1.4282E+03
 1.5849E-01 2.6844E+03 2.6832E+03 1.2534E+03 1.2523E+03
 1.7783E-01 2.3645E+03 2.3553E+03 1.1015E+03 1.0899E+03
 1.9953E-01 2.0566E+03 2.0462E+03 9.6010E+02 9.3717E+02
 2.2387E-01 1.7701E+03 1.7575E+03 8.2582E+02 7.9908E+02
 2.5119E-01 1.5106E+03 1.4956E+03 7.0364E+02 6.7594E+02
 2.8184E-01 1.2771E+03 1.2589E+03 5.9414E+02 5.6376E+02
 3.1623E-01 1.0682E+03 1.0515E+03 4.9666E+02 4.6734E+02
 3.5481E-01 8.8629E+02 8.7061E+02 4.1099E+02 3.8503E+02
 3.9811E-01 7.3032E+02 7.1572E+02 3.3772E+02 3.1263E+02
 4.4668E-01 5.9705E+02 5.8376E+02 2.7490E+02 2.5110E+02
 5.0119E-01 4.8404E+02 4.7054E+02 2.2116E+02 2.0096E+02
 5.6234E-01 3.8888E+02 3.7673E+02 1.7678E+02 1.5871E+02
 6.3096E-01 3.1076E+02 2.9936E+02 1.4009E+02 1.2438E+02
 7.0795E-01 2.4696E+02 2.3632E+02 1.0995E+02 9.7276E+01
 7.9433E-01 1.9426E+02 1.8459E+02 8.5683E+01 7.5085E+01
 8.9125E-01 1.5172E+02 1.4345E+02 6.6323E+01 5.7442E+01
 1.0000E+00 1.1835E+02 1.1114E+02 5.0833E+01 4.3582E+01
 1.1220E+00 9.1554E+01 8.5062E+01 3.8510E+01 3.2665E+01
 1.2589E+00 7.0305E+01 6.4722E+01 2.9010E+01 2.4353E+01
 1.4125E+00 5.3667E+01 4.8949E+01 2.1701E+01 1.8037E+01
 1.5849E+00 4.0831E+01 3.6759E+01 1.6056E+01 1.3206E+01
 1.7783E+00 3.0759E+01 2.7393E+01 1.1791E+01 9.5975E+00
 1.9953E+00 2.2980E+01 2.0270E+01 8.5764E+00 6.9224E+00
 2.2387E+00 1.7156E+01 1.4940E+01 6.1905E+00 4.9491E+00
 2.5119E+00 1.2706E+01 1.0935E+01 4.4459E+00 3.5096E+00
 2.8184E+00 9.3609E+00 7.9535E+00 3.1624E+00 2.4730E+00
 3.1623E+00 6.8734E+00 5.7667E+00 2.2156E+00 1.7269E+00
 3.5481E+00 5.0093E+00 4.1648E+00 1.5479E+00 1.2025E+00
 3.9811E+00 3.6486E+00 2.9952E+00 1.0732E+00 8.2829E-01
 4.4668E+00 2.6460E+00 2.1472E+00 7.4036E-01 5.6619E-01
 5.0119E+00 1.9091E+00 1.5412E+00 5.0960E-01 3.8639E-01
 5.6234E+00 1.3768E+00 1.1022E+00 3.4639E-01 2.6243E-01
 6.3096E+00 9.9109E-01 7.8425E-01 2.3429E-01 1.7776E-01
 7.0795E+00 7.1281E-01 5.5998E-01 1.5826E-01 1.2039E-01
 7.9433E+00 5.1161E-01 3.9756E-01 1.0658E-01 8.0856E-02
 8.9125E+00 3.6536E-01 2.8049E-01 7.1917E-02 5.4149E-02
 1.0000E+01 2.6031E-01 1.9915E-01 4.7965E-02 3.6389E-02
 1.1220E+01 1.8558E-01 1.4108E-01 3.1975E-02 2.4301E-02
 1.2589E+01 1.3215E-01 9.9943E-02 2.1304E-02 1.6224E-02
 1.4125E+01 9.4051E-02 7.0759E-02 1.4150E-02 1.0864E-02
 1.5849E+01 6.6963E-02 5.0116E-02 9.4056E-03 7.2367E-03
 1.7783E+01 4.7685E-02 3.5451E-02 6.2462E-03 4.8180E-03
 1.9953E+01 3.3881E-02 2.5073E-02 4.1466E-03 3.2238E-03
 2.2387E+01 2.4063E-02 1.7768E-02 2.7691E-03 2.1534E-03
 2.5119E+01 1.7092E-02 1.2552E-02 1.8400E-03 1.4386E-03
 2.8184E+01 1.2096E-02 8.8388E-03 1.2286E-03 9.6858E-04
 3.1623E+01 8.6878E-03 6.3171E-03 8.3115E-04 6.5695E-04
 3.5481E+01 6.1491E-03 4.4457E-03 5.5322E-04 4.3965E-04
 3.9811E+01 4.3449E-03 3.1275E-03 3.6966E-04 2.9517E-04
 4.4668E+01 3.0622E-03 2.1972E-03 2.4703E-04 1.9864E-04
 5.0119E+01 2.1287E-03 1.5153E-03 1.6173E-04 1.2954E-04
 5.6234E+01 1.4997E-03 1.0619E-03 1.0829E-04 8.7014E-05
 6.3096E+01 1.0542E-03 7.4366E-04 7.2499E-05 5.9024E-05
 7.0795E+01 7.3980E-04 5.1917E-04 4.8675E-05 3.9774E-05
 7.9433E+01 5.1879E-04 3.6280E-04 3.3134E-05 2.6896E-05
 8.9125E+01 3.6403E-04 2.5385E-04 2.2548E-05 1.8183E-05
 1.0000E+02 2.5511E-04 1.7658E-04 1.5099E-05 1.2282E-05
 1.1220E+02 1.7858E-04 1.2278E-04 1.0185E-05 8.3336E-06
 1.2589E+02 1.2496E-04 8.5364E-05 6.9088E-06 5.6123E-06
 1.4125E+02 8.7379E-05 5.9275E-05 4.6805E-06 3.7895E-06
 1.5849E+02 6.1055E-05 4.1108E-05 3.1642E-06 2.5839E-06
 1.7783E+02 4.2579E-05 2.8461E-05 2.1364E-06 1.7596E-06
 1.9953E+02 2.9677E-05 1.9708E-05 1.4507E-06 1.1821E-06
 2.2387E+02 2.0668E-05 1.3643E-05 9.8367E-07 7.9595E-07
 2.5119E+02 1.4361E-05 9.4347E-06 6.6634E-07 5.4676E-07
 2.8184E+02 9.9729E-06 6.4915E-06 4.5231E-07 3.7136E-07
 3.1623E+02 6.9318E-06 4.4850E-06 3.0654E-07 2.4867E-07
 3.5481E+02 4.8105E-06 3.1031E-06 2.0722E-07 1.6608E-07
 3.9811E+02 3.3274E-06 2.1362E-06 1.3978E-07 1.1231E-07
 4.4668E+02 2.3008E-06 1.4693E-06 9.4358E-08 7.5844E-08
 5.0119E+02 1.5869E-06 1.0086E-06 6.3680E-08 5.0588E-08
 5.6234E+02 1.0933E-06 6.9110E-07 4.3322E-08 3.4111E-08
 6.3096E+02 7.5255E-07 4.7123E-07 2.9028E-08 2.2886E-08
 7.0795E+02 5.1683E-07 3.2144E-07 1.9326E-08 1.5204E-08
 7.9433E+02 3.5372E-07 2.1894E-07 1.3027E-08 9.9485E-09
 8.9125E+02 2.4087E-07 1.4915E-07 8.7486E-09 6.7486E-09
 1.0000E+03 1.6454E-07 1.0134E-07 5.8428E-09 4.5229E-09
 1.1220E+03 1.1199E-07 6.8500E-08 3.9010E-09 2.9624E-09
 1.2589E+03 7.5706E-08 4.6173E-08 2.5728E-09 2.0037E-09
 1.4125E+03 5.1274E-08 3.1132E-08 1.7292E-09 1.3123E-09
 1.5849E+03 3.4795E-08 2.0992E-08 1.1719E-09 8.6394E-10
 1.7783E+03 2.3398E-08 1.4064E-08 7.6640E-10 5.7463E-10
 1.9953E+03 1.5650E-08 9.4091E-09 4.9927E-10 3.7555E-10
 2.2387E+03 1.0494E-08 6.2434E-09 3.2589E-10 2.5304E-10
 2.5119E+03 7.0169E-09 4.1612E-09 2.1535E-10 1.6650E-10
 2.8184E+03 4.6778E-09 2.7849E-09 1.4393E-10 1.0912E-10
 3.1623E+03 3.1293E-09 1.8504E-09 9.7133E-11 7.1718E-11
 3.5481E+03 2.0726E-09 1.2267E-09 6.2755E-11 4.6310E-11
 3.9811E+03 1.3693E-09 8.0845E-10 4.1826E-11 3.0876E-11
 4.4668E+03 9.0915E-10 5.3077E-10 2.8007E-11 2.0348E-11
 5.0119E+03 6.0545E-10 3.5304E-10 1.8211E-11 1.2960E-11
 5.6234E+03 3.9819E-10 2.3285E-10 1.2122E-11 8.4762E-12
 6.3096E+03 2.6328E-10 1.5274E-10 7.7291E-12 5.6403E-12
 7.0795E+03 1.7535E-10 1.0141E-10 5.0257E-12 3.7201E-12
 7.9433E+03 1.1539E-10 6.6132E-11 3.3679E-12 2.2754E-12
 8.9125E+03 7.5861E-11 4.3186E-11 2.1885E-12 1.3879E-12
 1.0000E+04 4.9663E-11 2.8545E-11 1.4234E-12 9.6245E-13 1.0000E-01 4.0470E+03 4.0807E+03 1.9383E+03 1.9850E+03
 1.1220E-01 3.6973E+03 3.7209E+03 1.7612E+03 1.7974E+03
 1.2589E-01 3.3522E+03 3.3697E+03 1.5871E+03 1.6112E+03
 1.4125E-01 3.0120E+03 3.0220E+03 1.4187E+03 1.4282E+03
 1.5849E-01 2.6844E+03 2.6832E+03 1.2534E+03 1.2523E+03
 1.7783E-01 2.3645E+03 2.3553E+03 1.1015E+03 1.0899E+03
 1.9953E-01 2.0566E+03 2.0462E+03 9.6010E+02 9.3717E+02
 2.2387E-01 1.7701E+03 1.7575E+03 8.2582E+02 7.9908E+02
 2.5119E-01 1.5106E+03 1.4956E+03 7.0364E+02 6.7594E+02
 2.8184E-01 1.2771E+03 1.2589E+03 5.9414E+02 5.6376E+02
 3.1623E-01 1.0682E+03 1.0515E+03 4.9666E+02 4.6734E+02
 3.5481E-01 8.8629E+02 8.7061E+02 4.1099E+02 3.8503E+02
 3.9811E-01 7.3032E+02 7.1572E+02 3.3772E+02 3.1263E+02
 4.4668E-01 5.9705E+02 5.8376E+02 2.7490E+02 2.5110E+02
 5.0119E-01 4.8404E+02 4.7054E+02 2.2116E+02 2.0096E+02
 5.6234E-01 3.8888E+02 3.7673E+02 1.7678E+02 1.5871E+02
 6.3096E-01 3.1076E+02 2.9936E+02 1.4009E+02 1.2438E+02
 7.0795E-01 2.4696E+02 2.3632E+02 1.0995E+02 9.7276E+01
 7.9433E-01 1.9426E+02 1.8459E+02 8.5683E+01 7.5085E+01
 8.9125E-01 1.5172E+02 1.4345E+02 6.6323E+01 5.7442E+01
 1.0000E+00 1.1835E+02 1.1114E+02 5.0833E+01 4.3582E+01
 1.1220E+00 9.1554E+01 8.5062E+01 3.8510E+01 3.2665E+01
 1.2589E+00 7.0305E+01 6.4722E+01 2.9010E+01 2.4353E+01
 1.4125E+00 5.3667E+01 4.8949E+01 2.1701E+01 1.8037E+01
 1.5849E+00 4.0831E+01 3.6759E+01 1.6056E+01 1.3206E+01
 1.7783E+00 3.0759E+01 2.7393E+01 1.1791E+01 9.5975E+00
 1.9953E+00 2.2980E+01 2.0270E+01 8.5764E+00 6.9224E+00
 2.2387E+00 1.7156E+01 1.4940E+01 6.1905E+00 4.9491E+00
 2.5119E+00 1.2706E+01 1.0935E+01 4.4459E+00 3.5096E+00
 2.8184E+00 9.3609E+00 7.9535E+00 3.1624E+00 2.4730E+00
 3.1623E+00 6.8734E+00 5.7667E+00 2.2156E+00 1.7269E+00
 3.5481E+00 5.0093E+00 4.1648E+00 1.5479E+00 1.2025E+00
 3.9811E+00 3.6486E+00 2.9952E+00 1.0732E+00 8.2829E-01
 4.4668E+00 2.6460E+00 2.1472E+00 7.4036E-01 5.6619E-01
 5.0119E+00 1.9091E+00 1.5412E+00 5.0960E-01 3.8639E-01
 5.6234E+00 1.3768E+00 1.1022E+00 3.4639E-01 2.6243E-01
 6.3096E+00 9.9109E-01 7.8425E-01 2.3429E-01 1.7776E-01
 7.0795E+00 7.1281E-01 5.5998E-01 1.5826E-01 1.2039E-01
 7.9433E+00 5.1161E-01 3.9756E-01 1.0658E-01 8.0856E-02
 8.9125E+00 3.6536E-01 2.8049E-01 7.1917E-02 5.4149E-02
 1.0000E+01 2.6031E-01 1.9915E-01 4.7965E-02 3.6389E-02
 1.1220E+01 1.8558E-01 1.4108E-01 3.1975E-02 2.4301E-02
 1.2589E+01 1.3215E-01 9.9943E-02 2.1304E-02 1.6224E-02
 1.4125E+01 9.4051E-02 7.0759E-02 1.4150E-02 1.0864E-02
 1.5849E+01 6.6963E-02 5.0116E-02 9.4056E-03 7.2367E-03
 1.7783E+01 4.7685E-02 3.5451E-02 6.2462E-03 4.8180E-03
 1.9953E+01 3.3881E-02 2.5073E-02 4.1466E-03 3.2238E-03
 2.2387E+01 2.4063E-02 1.7768E-02 2.7691E-03 2.1534E-03
 2.5119E+01 1.7092E-02 1.2552E-02 1.8400E-03 1.4386E-03
 2.8184E+01 1.2096E-02 8.8388E-03 1.2286E-03 9.6858E-04
 3.1623E+01 8.6878E-03 6.3171E-03 8.3115E-04 6.5695E-04
 3.5481E+01 6.1491E-03 4.4457E-03 5.5322E-04 4.3965E-04
 3.9811E+01 4.3449E-03 3.1275E-03 3.6966E-04 2.9517E-04
 4.4668E+01 3.0622E-03 2.1972E-03 2.4703E-04 1.9864E-04
 5.0119E+01 2.1287E-03 1.5153E-03 1.6173E-04 1.2954E-04
 5.6234E+01 1.4997E-03 1.0619E-03 1.0829E-04 8.7014E-05
 6.3096E+01 1.0542E-03 7.4366E-04 7.2499E-05 5.9024E-05
 7.0795E+01 7.3980E-04 5.1917E-04 4.8675E-05 3.9774E-05
 7.9433E+01 5.1879E-04 3.6280E-04 3.3134E-05 2.6896E-05
 8.9125E+01 3.6403E-04 2.5385E-04 2.2548E-05 1.8183E-05
 1.0000E+02 2.5511E-04 1.7658E-04 1.5099E-05 1.2282E-05
 1.1220E+02 1.7858E-04 1.2278E-04 1.0185E-05 8.3336E-06
 1.2589E+02 1.2496E-04 8.5364E-05 6.9088E-06 5.6123E-06
 1.4125E+02 8.7379E-05 5.9275E-05 4.6805E-06 3.7895E-06
 1.5849E+02 6.1055E-05 4.1108E-05 3.1642E-06 2.5839E-06
 1.7783E+02 4.2579E-05 2.8461E-05 2.1364E-06 1.7596E-06
 1.9953E+02 2.9677E-05 1.9708E-05 1.4507E-06 1.1821E-06
 2.2387E+02 2.0668E-05 1.3643E-05 9.8367E-07 7.9595E-07
 2.5119E+02 1.4361E-05 9.4347E-06 6.6634E-07 5.4676E-07
 2.8184E+02 9.9729E-06 6.4915E-06 4.5231E-07 3.7136E-07
 3.1623E+02 6.9318E-06 4.4850E-06 3.0654E-07 2.4867E-07
 3.5481E+02 4.8105E-06 3.1031E-06 2.0722E-07 1.6608E-07
 3.9811E+02 3.3274E-06 2.1362E-06 1.3978E-07 1.1231E-07
 4.4668E+02 2.3008E-06 1.4693E-06 9.4358E-08 7.5844E-08
 5.0119E+02 1.5869E-06 1.0086E-06 6.3680E-08 5.0588E-08
 5.6234E+02 1.0933E-06 6.9110E-07 4.3322E-08 3.4111E-08
 6.3096E+02 7.5255E-07 4.7123E-07 2.9028E-08 2.2886E-08
 7.0795E+02 5.1683E-07 3.2144E-07 1.9326E-08 1.5204E-08
 7.9433E+02 3.5372E-07 2.1894E-07 1.3027E-08 9.9485E-09
 8.9125E+02 2.4087E-07 1.4915E-07 8.7486E-09 6.7486E-09
 1.0000E+03 1.6454E-07 1.0134E-07 5.8428E-09 4.5229E-09
 1.1220E+03 1.1199E-07 6.8500E-08 3.9010E-09 2.9624E-09
 1.2589E+03 7.5706E-08 4.6173E-08 2.5728E-09 2.0037E-09
 1.4125E+03 5.1274E-08 3.1132E-08 1.7292E-09 1.3123E-09
 1.5849E+03 3.4795E-08 2.0992E-08 1.1719E-09 8.6394E-10
 1.7783E+03 2.3398E-08 1.4064E-08 7.6640E-10 5.7463E-10
 1.9953E+03 1.5650E-08 9.4091E-09 4.9927E-10 3.7555E-10
 2.2387E+03 1.0494E-08 6.2434E-09 3.2589E-10 2.5304E-10
 2.5119E+03 7.0169E-09 4.1612E-09 2.1535E-10 1.6650E-10
 2.8184E+03 4.6778E-09 2.7849E-09 1.4393E-10 1.0912E-10
 3.1623E+03 3.1293E-09 1.8504E-09 9.7133E-11 7.1718E-11
 3.5481E+03 2.0726E-09 1.2267E-09 6.2755E-11 4.6310E-11
 3.9811E+03 1.3693E-09 8.0845E-10 4.1826E-11 3.0876E-11
 4.4668E+03 9.0915E-10 5.3077E-10 2.8007E-11 2.0348E-11
 5.0119E+03 6.0545E-10 3.5304E-10 1.8211E-11 1.2960E-11
 5.6234E+03 3.9819E-10 2.3285E-10 1.2122E-11 8.4762E-12
 6.3096E+03 2.6328E-10 1.5274E-10 7.7291E-12 5.6403E-12
 7.0795E+03 1.7535E-10 1.0141E-10 5.0257E-12 3.7201E-12
 7.9433E+03 1.1539E-10 6.6132E-11 3.3679E-12 2.2754E-12
 8.9125E+03 7.5861E-11 4.3186E-11 2.1885E-12 1.3879E-12
 1.0000E+04 4.9663E-11 2.8545E-11 1.4234E-12 9.6245E-13
