 1.0000E-01 5.8565E+03 5.9342E+03 2.8696E+03 2.7891E+03
 1.1220E-01 5.3314E+03 5.3889E+03 2.5968E+03 2.5121E+03
 1.2589E-01 4.8103E+03 4.8525E+03 2.3276E+03 2.2339E+03
 1.4125E-01 4.2987E+03 4.3271E+03 2.0663E+03 1.9631E+03
 1.5849E-01 3.7957E+03 3.8091E+03 1.8149E+03 1.7068E+03
 1.7783E-01 3.3071E+03 3.3102E+03 1.5777E+03 1.4699E+03
 1.9953E-01 2.8437E+03 2.8399E+03 1.3539E+03 1.2512E+03
 2.2387E-01 2.4177E+03 2.4059E+03 1.1500E+03 1.0528E+03
 2.5119E-01 2.0313E+03 2.0159E+03 9.6775E+02 8.7681E+02
 2.8184E-01 1.6868E+03 1.6700E+03 8.0461E+02 7.2201E+02
 3.1623E-01 1.3861E+03 1.3700E+03 6.6094E+02 5.8827E+02
 3.5481E-01 1.1295E+03 1.1137E+03 5.3759E+02 4.7478E+02
 3.9811E-01 9.1206E+02 8.9595E+02 4.3235E+02 3.7878E+02
 4.4668E-01 7.3001E+02 7.1492E+02 3.4426E+02 2.9883E+02
 5.0119E-01 5.7998E+02 5.6521E+02 2.7154E+02 2.3435E+02
 5.6234E-01 4.5699E+02 4.4270E+02 2.1240E+02 1.8236E+02
 6.3096E-01 3.5771E+02 3.4391E+02 1.6479E+02 1.4021E+02
 7.0795E-01 2.7793E+02 2.6601E+02 1.2628E+02 1.0685E+02
 7.9433E-01 2.1541E+02 2.0449E+02 9.6137E+01 8.0735E+01
 8.9125E-01 1.6585E+02 1.5580E+02 7.2781E+01 6.0636E+01
 1.0000E+00 1.2717E+02 1.1886E+02 5.5034E+01 4.5403E+01
 1.1220E+00 9.7031E+01 8.9729E+01 4.1026E+01 3.3566E+01
 1.2589E+00 7.3696E+01 6.7393E+01 3.0274E+01 2.4672E+01
 1.4125E+00 5.5737E+01 5.0382E+01 2.2263E+01 1.8008E+01
 1.5849E+00 4.1902E+01 3.7434E+01 1.6295E+01 1.3066E+01
 1.7783E+00 3.1319E+01 2.7623E+01 1.1795E+01 9.4040E+00
 1.9953E+00 2.3268E+01 2.0274E+01 8.4485E+00 6.7109E+00
 2.2387E+00 1.7196E+01 1.4821E+01 6.0468E+00 4.7494E+00
 2.5119E+00 1.2688E+01 1.0794E+01 4.3065E+00 3.3523E+00
 2.8184E+00 9.3085E+00 7.8315E+00 3.0261E+00 2.3551E+00
 3.1623E+00 6.8036E+00 5.6566E+00 2.1109E+00 1.6316E+00
 3.5481E+00 4.9548E+00 4.0742E+00 1.4657E+00 1.1242E+00
 3.9811E+00 3.5956E+00 2.9227E+00 1.0107E+00 7.7372E-01
 4.4668E+00 2.6054E+00 2.0926E+00 6.9478E-01 5.3046E-01
 5.0119E+00 1.8845E+00 1.4978E+00 4.7396E-01 3.6096E-01
 5.6234E+00 1.3570E+00 1.0695E+00 3.2157E-01 2.4539E-01
 6.3096E+00 9.7356E-01 7.6158E-01 2.1791E-01 1.6630E-01
 7.0795E+00 6.9812E-01 5.4155E-01 1.4773E-01 1.1198E-01
 7.9433E+00 4.9985E-01 3.8538E-01 9.8842E-02 7.5025E-02
 8.9125E+00 3.5779E-01 2.7379E-01 6.5771E-02 5.0521E-02
 1.0000E+01 2.5483E-01 1.9322E-01 4.4214E-02 3.3606E-02
 1.1220E+01 1.8155E-01 1.3696E-01 2.9533E-02 2.2516E-02
 1.2589E+01 1.2919E-01 9.7026E-02 1.9681E-02 1.5044E-02
 1.4125E+01 9.1906E-02 6.8638E-02 1.3065E-02 1.0031E-02
 1.5849E+01 6.5347E-02 4.8523E-02 8.6621E-03 6.6956E-03
 1.7783E+01 4.6478E-02 3.4322E-02 5.7710E-03 4.4789E-03
 1.9953E+01 3.3015E-02 2.4281E-02 3.8437E-03 2.9941E-03
 2.2387E+01 2.3419E-02 1.7152E-02 2.5492E-03 2.0028E-03
 2.5119E+01 1.6598E-02 1.2078E-02 1.6955E-03 1.3396E-03
 2.8184E+01 1.1757E-02 8.4993E-03 1.1292E-03 8.9586E-04
 3.1623E+01 8.4298E-03 6.0784E-03 7.6656E-04 6.0612E-04
 3.5481E+01 5.9520E-03 4.2810E-03 5.1047E-04 4.0635E-04
 3.9811E+01 4.2012E-03 3.0068E-03 3.4169E-04 2.7353E-04
 4.4668E+01 2.9646E-03 2.1052E-03 2.2991E-04 1.8348E-04
 5.0119E+01 2.0538E-03 1.4528E-03 1.4974E-04 1.2097E-04
 5.6234E+01 1.4433E-03 1.0175E-03 1.0092E-04 8.1396E-05
 6.3096E+01 1.0130E-03 7.1281E-04 6.8277E-05 5.5264E-05
 7.0795E+01 7.1110E-04 4.9826E-04 4.5893E-05 3.7291E-05
 7.9433E+01 4.9890E-04 3.4680E-04 3.0646E-05 2.5146E-05
 8.9125E+01 3.5006E-04 2.4179E-04 2.0615E-05 1.7057E-05
 1.0000E+02 2.4499E-04 1.6834E-04 1.4040E-05 1.1531E-05
 1.1220E+02 1.7122E-04 1.1698E-04 9.5558E-06 7.8206E-06
 1.2589E+02 1.1964E-04 8.1212E-05 6.4432E-06 5.3143E-06
 1.4125E+02 8.3487E-05 5.6278E-05 4.3649E-06 3.5769E-06
 1.5849E+02 5.8269E-05 3.8999E-05 2.9791E-06 2.4133E-06
 1.7783E+02 4.0652E-05 2.7023E-05 2.0023E-06 1.6298E-06
 1.9953E+02 2.8304E-05 1.8753E-05 1.3469E-06 1.1048E-06
 2.2387E+02 1.9688E-05 1.2973E-05 9.1743E-07 7.5451E-07
 2.5119E+02 1.3674E-05 8.9581E-06 6.1700E-07 5.0435E-07
 2.8184E+02 9.4894E-06 6.1820E-06 4.1640E-07 3.3716E-07
 3.1623E+02 6.5784E-06 4.2524E-06 2.8397E-07 2.2860E-07
 3.5481E+02 4.5507E-06 2.9240E-06 1.9356E-07 1.5438E-07
 3.9811E+02 3.1464E-06 2.0097E-06 1.3070E-07 1.0389E-07
 4.4668E+02 2.1720E-06 1.3777E-06 8.8142E-08 6.9643E-08
 5.0119E+02 1.4962E-06 9.4307E-07 5.9240E-08 4.6897E-08
 5.6234E+02 1.0284E-06 6.4733E-07 3.9713E-08 3.1727E-08
 6.3096E+02 7.0662E-07 4.4183E-07 2.6869E-08 2.1181E-08
 7.0795E+02 4.8460E-07 2.9994E-07 1.8030E-08 1.4083E-08
 7.9433E+02 3.2996E-07 2.0505E-07 1.1932E-08 9.2281E-09
 8.9125E+02 2.2532E-07 1.3912E-07 7.9342E-09 6.1254E-09
 1.0000E+03 1.5375E-07 9.3904E-08 5.3491E-09 4.0980E-09
 1.1220E+03 1.0419E-07 6.3599E-08 3.5832E-09 2.7128E-09
 1.2589E+03 7.0621E-08 4.2817E-08 2.3628E-09 1.7989E-09
 1.4125E+03 4.7563E-08 2.8753E-08 1.5565E-09 1.1902E-09
 1.5849E+03 3.1991E-08 1.9303E-08 1.0442E-09 8.0359E-10
 1.7783E+03 2.1502E-08 1.2914E-08 6.8318E-10 5.2766E-10
 1.9953E+03 1.4446E-08 8.6289E-09 4.4946E-10 3.4524E-10
 2.2387E+03 9.6445E-09 5.7271E-09 3.0417E-10 2.2824E-10
 2.5119E+03 6.4130E-09 3.8114E-09 1.9770E-10 1.5045E-10
 2.8184E+03 4.2880E-09 2.5143E-09 1.3208E-10 9.8083E-11
 3.1623E+03 2.8503E-09 1.6669E-09 8.8358E-11 6.4403E-11
 3.5481E+03 1.8900E-09 1.1105E-09 5.6501E-11 4.2335E-11
 3.9811E+03 1.2513E-09 7.3460E-10 3.7473E-11 2.7489E-11
 4.4668E+03 8.2785E-10 4.8492E-10 2.4844E-11 1.7711E-11
 5.0119E+03 5.4795E-10 3.1710E-10 1.6610E-11 1.2322E-11
 5.6234E+03 3.6009E-10 2.0697E-10 1.1061E-11 8.2017E-12
 6.3096E+03 2.3879E-10 1.3620E-10 6.9969E-12 4.9656E-12
 7.0795E+03 1.5807E-10 8.9528E-11 4.5665E-12 3.0230E-12
 7.9433E+03 1.0308E-10 5.9340E-11 3.0843E-12 2.1033E-12
 8.9125E+03 6.7226E-11 3.9207E-11 1.9951E-12 1.5450E-12
 1.0000E+04 4.4650E-11 2.5413E-11 1.2809E-12 9.8713E-13
